CVEGEO	distancia_apoyo_mujeres
0901000011716	2975.259957762244
0901000012150	1594.9448289546835
0901000011133	2383.533944288225
0901000011307	2735.366154428355
0901000010281	6403.7673066318785
0901000012199	3661.634048134077
0901000012269	2381.204879259784
0901000012273	9164.720478925316
0901000011330	10800.845583676248
090100001181A	7072.788911915197
0901000011684	6227.827244916795
0901000011665	3558.414572364017
0901000010578	1774.93310588911
0901000010597	394.7217654575702
0901000010690	1799.841418462699
0901000010915	2752.420863036288
0901000012216	6772.3280415750405
0901000011275	8040.9463946858805
0901000010065	1077.5154615704996
0901000011063	2365.5086374865277
0901000011542	6527.271922095862
0901000012358	8194.045812453558
0901000012057	1457.0879956251042
0901000012201	6348.470369695452
0901000011222	439.68759067127195
090100001128A	2632.318573367982
0901000011364	2918.4211127168182
0901000010027	1555.257785627656
0901000010031	2695.292958905056
0901000010987	2537.729630309206
0901000010991	2502.789499973419
0901000011006	2737.3984207320636
0901000011769	9448.34292743985
0901000012042	1564.8415183253805
0901000010718	3996.6568769094197
0901000011951	8074.533117372042
0901000010012	1900.3282144867494
090100001021A	7346.03262362946
0901000011044	2367.752360018225
0901000010525	1560.7806814736891
0901000011129	2296.6654404209307
090100001053A	6114.700625807585
0901000011970	6728.410046581479
0901000010826	2904.9157406346567
0901000010830	1879.3831299080462
0901000010845	2266.7464711548105
0901000011010	2877.707992703679
0901000010722	1446.057007486576
090100001103A	3119.8996326721426
0901000010614	731.7276994018935
0901000012362	1678.3526046641982
0901000010629	2596.7106705373058
0901000011881	7866.340816091058
0901000011928	8598.775865238018
0901000011966	7200.441164886721
0901000012004	6014.24697179759
0901000012019	11011.258671542077
0901000012038	217.3790299125614
0901000012131	905.2163292824221
0901000012184	3024.2947967863097
0901000010084	3724.311106500391
0901000012292	4226.277603185048
0901000011114	3730.5324536128132
0901000011078	10116.418555942902
090100001110A	794.568566124668
0901000011190	191.53285116335798
0901000011203	2253.087967545355
0901000010563	1774.93310588911
0901000011148	8904.13962144252
090100001167A	4182.042491194845
0901000011519	6116.78735987132
0901000011523	3831.411561972891
0901000011631	686.4637432126574
0901000011646	313.9672738002723
0901000011650	313.9672738002723
0901000010046	2303.7409046064117
0901000010050	1543.5954790443266
0901000010101	1219.781708375712
0901000010116	1277.546478268761
0901000010493	996.7282933429836
0901000010173	6045.097029835608
0901000010188	8619.790494984767
0901000010224	3483.9924259057198
0901000010239	2196.6456933311397
0901000010421	1070.7071806746903
0901000010807	3817.906596939602
0901000010243	909.2989607565595
0901000010258	7332.443762410188
0901000010262	9907.137227559346
0901000010277	3483.9924259057198
0901000010192	7346.03262362946
0901000010506	1020.8580058968621
0901000010328	9395.414291998222
0901000010332	10140.419467735486
0901000010347	9642.49211569494
0901000010351	9412.305053313296
0901000010370	6901.671279706472
0901000010440	12133.96169289032
0901000010296	9051.215293887635
090100001060A	937.9301391331079
0901000010737	1432.1332808370053
0901000010741	1522.1226533002873
0901000010756	1530.247298106477
0901000010760	4269.219867021315
0901000010775	4269.219867021315
090100001092A	1814.9853410034852
0901000010949	3130.443710887265
0901000010953	2090.9529107872672
0901000010968	2231.52599847662
0901000010972	2840.5773246769622
0901000012146	2294.392722695175
0901000010385	5728.8094420409025
0901000011453	4555.947604375332
0901000011059	2581.232741225292
0901000010205	8619.790494984767
0901000011792	2195.119732980107
0901000012377	1053.289805977264
0901000012343	11799.045583909454
0901000012381	6398.139333334589
0901000011824	10483.943775696316
0901000010510	2171.7394467788604
0901000011947	7275.928238034581
0901000012080	9519.83438586986
0901000012108	1342.8966857951923
0901000012305	8091.21031755461
0901000011152	10162.23260112769
0901000011186	2333.876149237772
090100001078A	3527.958517805871
0901000011595	12469.89414777746
0901000011294	6785.864011694497
0901000010794	3527.958517805871
0901000011985	6872.431671799095
0901000011345	4868.813265858844
0901000011557	7037.791985509039
0901000011561	12469.89414777746
0901000010417	1267.168276814134
0901000010455	6311.396751842152
090100001014A	4761.771264217106
0901000010703	3188.9308780846018
0901000010864	9211.03092734535
0901000010900	3467.447788493256
0901000011025	3368.458625785212
0901000011773	296.904102595328
0901000011805	805.5187279969223
0901000010099	3724.311106500391
0901000011218	2514.3114245937345
0901000011858	3833.969407684353
0901000011699	10684.528026138469
0901000011913	8754.465892105434
0901000010544	6674.594368675596
0901000010648	1467.608270835205
0901000010633	1592.3053133914113
0901000011627	0
0901000010135	259.349502569953
0901000010686	4978.88649085476
0901000010559	1970.04158827202
0901000010667	5464.8287260768175
0901000010671	4978.88649085476
0901000011260	5974.993833610576
0901000011237	833.8093660652218
0901000011241	2673.1404477808137
0901000011580	7964.352203887382
0901000011843	10412.94966848339
0901000011171	5280.926350170149
0901000012254	3132.314482608988
090100001224A	2783.5905548033084
0901000012288	9079.14997262975
0901000010898	570.3711959438842
0901000012339	10126.988091455583
0901000010313	8725.079500987893
0901000012023	7857.451702047996
0901000012324	6514.280311843583
090100001231A	7688.307150083771
0901000012095	9490.826414650983
0901000012220	10250.07467801918
090100001199A	4593.2034946057
0901000010474	3069.619629340081
0901000012112	3383.0857667097625
0901000012235	354.6259896202074
0901000011434	5705.26566796926
0901000010169	6876.041263607547
0901000012076	3787.2779609733047
0901000012061	5733.37567384011
0901000010309	8186.134782221024
0901000011472	8728.489729219913
0901000011379	5534.807085188889
0901000010811	3545.1529569364093
0901000011788	823.7698295993189
0901000011839	7072.788911915197
0901000012165	1053.289805977264
0901000010489	1314.7430863357342
090100001174A	3928.635355261019
0901000011754	2861.495010396029
090100001135A	9863.173815133976
0901000011720	10276.489261043489
0901000011468	8757.274458304842
0901000011932	9244.402447183025
0901000011487	9837.125063588453
0901000011735	4980.130842402914
0901200010604	4130.348344577969
0901200011072	3479.7073277167083
0901200011424	5050.8709023732745
0901200010498	1138.454905791695
0901200010125	3678.735865483115
0901200010445	1500.2123329754208
0901200010074	3481.8130218238316
0901200010159	3020.2606438316216
090120001045A	2983.231234499519
0901200010411	1376.251360984873
0901200010017	2006.724615375393
0901200010214	3100.991759643327
090120001077A	3692.5591445534424
0901200010267	1301.0491536264115
0901200010303	2441.0578354272875
0901200012066	2686.4675904572587
090120001198A	498.066446752691
0901200012174	1542.3525202644155
0901200011994	837.4986688026308
0901200010500	2731.5822478651835
0901200011000	4005.9313096336823
090120001216A	1568.082704462529
0901200011509	4214.896700925317
090120001020A	2676.150006579824
0901200010021	2637.8630942327973
0901200010106	3256.4823378674078
090120001013A	3323.896107063355
0901200010182	2033.2260730993303
0901200010197	3866.7746582717145
0901200010040	1048.426414475521
0901200271763	9339.283527525213
0901200012070	3698.0484798956077
0901200011068	4202.200285982189
0901200012121	5330.147524645826
090120027180A	7045.696976503409
0901200011975	2195.9810239863855
0901200011388	2526.8618940868846
0901200011956	4669.27691467625
0901200010430	2526.161860729804
0901200011918	2324.8183230957447
0901200012206	1571.808024840565
0901200012155	4542.096682073096
0901200010479	3554.147288683591
0901200262314	12041.295818093055
0901200011937	2558.751382733181
0901200012193	1659.701209166722
090120001038A	1350.7256142495123
0901200010483	3339.2478413385693
0901200010712	3827.347039982803
0901200010943	1590.465886941462
0901200010962	1354.7074850553754
0901200010568	3861.4655860925222
0901200010642	4521.705175154499
0901200010407	1363.9468902018916
0901200010426	2262.7485419731997
0901200010572	4183.578160251233
0901200010549	4271.175497259031
0901200010731	2126.5054366182394
0901200010765	2781.2141969461572
0901200010816	4940.617545481174
0901200010820	5039.84774294299
0901200010835	4667.132873862856
090120001084A	5008.001894803125
0901200010854	5373.620248675001
0901200010869	2152.143274823026
0901200010888	823.549699041577
090120001091A	2406.5566711828424
0901200010375	2468.7138946341806
090120026248A	10684.811865825779
0901200010623	4290.4986032674
0901200010638	3473.8673618902685
0901200010657	4183.1824855636005
0901200010661	2590.8759739711795
0901200010676	4103.778807673326
0901200010680	3429.254359152924
0901200010695	2915.700119586849
0901200010727	2897.3829515740804
0901200010939	472.98237833270593
0901200010977	3598.1644541691894
0901200011015	2063.169235775726
0901200010996	4255.335950499508
090120001102A	1364.560107922742
0901200011034	2787.258527553596
0901200011157	2291.320455943221
0901200011087	1749.850075771255
0901200011091	1622.1144141294617
0901200011104	1395.443596064948
0901200011119	1877.1925191022847
0901200011566	3125.9121114850172
0901200010089	3562.450995564275
0901200011176	3086.814891683876
0901200011513	2529.1875817429477
0901200012013	4767.975196954535
0901200012047	3523.532764591163
0901200011049	2339.3363538746585
0901200012051	2832.168828257009
0901200011481	4857.795385360869
0901200262403	12055.968024135043
0901200010905	2160.2519477587375
0901200012136	3973.7189664634134
0901200012140	6378.035479244855
0901200012333	9143.087041061535
0901200261710	13619.7833396989
0901200262329	14640.658043092779
0901200011960	3658.060676422685
0901200011462	3007.709200592879
0901200012263	3135.293630863579
0901200011759	13816.944662410759
0901200011477	3485.172063975644
090120001223A	3348.2585242542
0901200012244	1900.400864255732
090120001052A	2622.310548203124
0901200192475	23822.663420663517
0901200011890	2534.6637570171033
0901200010534	3497.926253588732
0901200012225	2332.82606714446
0901200012367	9519.943856653763
0901200011299	4980.6276073391655
0901200011903	2740.466202096353
0901200011316	686.4812170404118
0901200011195	5143.178277247889
0901200011369	3037.034936005385
0901200011439	4492.695584827371
0901200011443	4940.617545481174
0901200011585	13816.944662410759
0901200012009	4097.049753491452
0901200010784	4304.1681502027595
0901200012210	2284.234852391414
0901200010464	3574.902347818177
0901200010515	2648.094313249854
0901200010708	4685.696518482386
0901200010163	2979.945682808511
0901200010746	3235.8397865339043
0901200010750	4180.962266284045
0901200010801	4194.377150362529
0901200010229	4685.5916544311485
0901200010248	3547.398073750211
0901200010337	3354.535015499726
0901200010341	3076.10038538279
0901200010360	2477.2984783339543
0901200010233	2341.045607510471
0901200261689	13122.962876930538
0901200010619	3732.140422874505
0901200010799	3276.4758279363396
0901200010553	4215.428828766702
0901200010587	3859.901810125488
0901200010591	1912.3412241682245
0901200010924	1292.1867506156455
0901200010958	546.3136725580395
0901200011123	1663.8871471492976
0901200011142	2871.5836884907712
0901200011161	2603.2282188999275
0901200010318	3170.474360164466
0901200010322	3006.967608076182
0901200010093	2972.524950535549
0901200010144	2040.6836115103233
0901200010178	2909.514981931044
0901200011570	3007.709200592879
0901200011053	3973.7189664634134
0901200012085	1317.3936100347205
0901200012259	3389.479672981913
0901200272028	6192.193827217902
0901200272032	6334.5570879585175
090120027230A	9742.777386433572
0901200011458	5707.3805093400615
0901200012102	1951.6307156009389
0901200011941	1579.8465002291557
0901200011922	4031.394438597846
0901200012189	1265.781646023838
0901200012371	13816.944662410759
0901200011744	3168.1214922325676
0901200192460	928.042470097751
0901200261528	12703.90791887941
0901200010394	1625.7980678031768
0901200262390	11979.747996099828
0901200272422	10325.164820882317
0901200012386	8276.946343937823
090120001159A	5085.22294941178
0901200010981	3353.750048796259
0901200012456	5088.943447900433
0901200010892	2876.0510327062957
0901200011496	2861.168660089933
0901200262437	12880.019839391509
0901200262297	10155.41597523878
0901200261674	12269.083149381886
090120026166A	11330.890431454885
0901200011602	10108.576328959429
0901200271797	9132.098541297728
0901200261706	14323.085170096003
0901200261693	14771.201737788007
0901200012348	9190.178570768247
0901200011617	7954.425395825557
0901200261532	14407.736202156126
0901200011621	5498.382147127079
0901200011636	5498.382147127079
0901200011640	4490.953221071761
0901200011212	6537.681788014387
0901200011655	7386.389095686579
0901200012352	7431.000502976683
0901200012441	6860.8462394208045
090120001173A	3894.2571752247554
0901200271778	8349.71003645819
0901200271782	5535.073752232807
0901200011547	157.7560338750791
0901200012282	3348.2585242542
0901200262418	11141.218968957106
0901200012278	4363.69098136394
0901400010543	1503.17170159856
0901400010967	2560.174637129443
0901400010045	2457.31305770153
0901400010168	519.608694006649
0901400010971	566.469291041156
0901400010878	1107.2561466332486
090140001051A	859.5870798714207
0901400010524	863.9753552008607
0901400010346	1328.5365346287479
0901400010670	220.008850391493
0901400010914	2411.335931569099
0901400010115	1103.926559443849
0901400011024	1303.2512990164116
0901400010153	1623.8406481173292
0901400010219	3162.8849633878863
0901400010882	3484.5190936723197
0901400010187	2980.0331250645104
0901400010929	2523.5607877762554
0901400010933	2844.6665652926563
0901400010986	1553.2345436862688
090140001101A	2203.0004218932927
0901400010990	1571.314832217961
0901400010312	854.6344307758251
0901400010327	1342.8636337857477
0901400010331	1083.9886237362582
0901400010685	1249.663811554126
0901400010717	1285.561252073977
0901400010149	1457.2905274302602
0901400010172	834.9195292129659
0901400010204	1598.1076241214105
0901400010011	849.88364562915
0901400010026	1322.75146664572
0901400010030	1554.0711783737904
090140001005A	855.1279015823598
0901400010492	558.9349589168525
0901400010825	1564.126753271926
0901400010435	1447.864959845497
0901400010581	1436.129597594052
0901400010562	1906.965780044739
0901400010454	1300.7600771883922
0901400010863	1831.6305983210805
0901400010558	1008.660035705745
0901400010083	1164.0092533772436
0901400010098	958.2617455005783
0901400010100	1007.5702747799276
0901400010793	1266.725390797973
0901400010365	1754.8043759935533
090140001083A	921.409483973812
0901400010628	620.9969896836274
0901400010469	1113.1908671094623
0901400010473	439.83487767696465
0901400010420	1261.2384417278115
0901400010191	1983.5952817232514
0901400010596	0
0901400010609	1509.2057694240511
0901400010613	1151.1963256570566
0901400010632	928.7942501410272
0901400010948	2320.7761851938226
0901400010647	1681.7477839471123
0901400010844	573.5831698112895
0901400010859	1292.0461238063353
0901400010350	2408.489271758798
0901400010384	1792.170670704823
0901400010399	1631.747433839369
090140001069A	829.438532589229
0901400010702	2142.42852402707
0901400010257	1369.8121647995276
0901400010261	1179.7775769626237
0901400010276	1246.6950542581621
0901400010755	1375.6631128497283
090140001037A	1986.9518325636689
0901400010488	335.413393023758
0901400010242	1556.1640785399882
0901400010064	246.5669604280481
090140001012A	488.2325282235265
090140001044A	1465.7943117582206
0901400010079	924.4153765328197
0901400010577	1599.7062675890559
0901400010789	1441.3303729767688
0901400010897	1108.055516013189
090140001090A	1856.091473738013
0901400010134	214.4198272889991
0901400010952	1583.0515524325674
0901400011005	2430.651554723327
0901400010740	1535.5816547726713
0901400010401	1032.685051760609
0901400010416	1107.6436351566263
0901400010280	0
0901400010295	1438.538319525248
0901400010308	598.843812901918
0901400010721	818.734997152224
0901400010736	2175.2817403345543
090140001076A	416.90369704275736
0901400010774	1272.5001582334835
0901400010806	2231.1064584743194
0901400010810	1805.7017723678232
0901400010238	2546.483943349648
0901400010223	1770.321827830399
0901400010539	496.8755880643306
0901400010666	438.51442981116304
0901400010651	985.9774653716552
0901400010505	1045.9483130917458
0900600010185	426.068540292869
0900600010147	2749.673549771151
0900600010950	1866.0004494880616
090060001001A	0
0900600010024	881.3083209115022
0900600010927	2621.2174072621633
0900600010999	2241.9586906891604
0900600010058	72.763958376176
0900600010109	1187.6069528105681
0900600010128	1914.6992438353927
0900600010132	942.3701081941858
0900600010151	1800.56457331226
0900600010166	1488.5752706936803
0900600010039	2040.969464139809
0900600010217	2938.4584889930434
0900600010221	1638.40434259482
0900600010236	1521.7277511263037
0900600010965	1841.285390220278
0900600010240	942.7900433144787
0900600010255	948.135771524047
0900600010274	515.6891568451555
0900600010378	601.279573243464
0900600010490	2481.242135771089
0900600010503	3549.5407249917034
0900600010518	815.6865844166
0900600010537	815.6865844166
0900600010541	2642.6401896946554
0900600010749	1053.298436911185
0900600010804	2059.424263251385
0900600010876	1328.7159705519032
0900600010931	2362.293628223945
0900600010946	1267.9854200248456
090060001097A	2094.569567453501
0900600010984	2777.1219721729453
0900600011003	1913.5828303283054
0900600011018	3274.09599391808
0900600011022	1861.5686314604131
0900600011037	1177.3339480335444
0900600011056	1416.2194763485572
0900600011060	2110.091737254606
0900600011075	2267.4117869856523
090060001108A	1166.9166362955593
090060001115A	1135.7500460338745
0900600011198	1126.4571113492514
0900600010626	2370.742449510477
0900600010414	422.3692890784692
0900600010683	2468.86867713705
0900600010043	1915.8657295492612
0900600010077	3051.021432572574
0900600010081	573.954389874803
0900600010096	1205.0832264061646
0900600010344	1719.33088485167
0900600010359	815.6865844166
0900600010363	2536.2797403986942
0900600010452	1387.0379903474081
0900600010467	1280.4717526935633
0900600010471	1816.34242554249
0900600010522	0
090060001058A	1910.6667561619622
0900600010607	2503.2498940197825
0900600010611	2615.407707315596
0900600010630	2359.1893699463158
0900600010664	1651.2338564862594
0900600010698	1718.4079786379002
0900600010700	1914.0047503041005
0900600010715	908.171212771245
090060001072A	1816.34242554249
0900600010787	1356.3669206657692
0900600010791	1735.1899002273062
0900600010823	2375.9243357166556
0900600010838	3325.1223179015433
0900600010842	2536.0512749394925
0900600010880	1385.196499837953
0900600010895	2467.5340734787483
0900600010908	1605.8987715425455
0900600011111	882.2251609337641
0900600011126	687.7943512783644
0900600011130	1628.8658884444262
0900600011179	1773.3610109777442
0900600011183	882.900039277999
0900600011200	495.700589382914
0900600010170	1891.6060222236028
0900600010556	1631.3731688332
0900600010645	2737.899847555155
090060001065A	1942.6988310236907
0900600010289	866.511232084805
0900600010202	2279.2320324902903
090060001026A	860.2014790595201
0900600010679	1718.4079786379002
0900600010310	1953.55990649328
0900600010325	801.232176094569
0900600010382	1281.813183429575
0900600010397	1065.0324297050493
0900600010575	807.4603282940652
0900600010594	2654.615864902027
0900600010753	908.4811731339912
0900600010768	1604.2762101605138
0900600010772	1442.551037451685
0900600011164	1516.9864238334183
0900600011041	1558.5373581976664
0900600011094	1596.3948361100593
0900600011107	1268.082847305708
0900600010293	1210.196461824569
0900600010429	1285.6824131892395
0900600010448	2441.978462801118
0900600010433	1684.4572974427995
0900600010486	2464.2254469922
0900600010734	2230.1346747919097
090060001019A	2082.0068383886432
090060001033A	425.8703317299931
0900200010148	3683.8471986316226
0900200010190	1303.5233479048745
0900200010932	1460.981505527525
0900200010237	4957.678416504923
0900200010595	4887.205757353026
0900200010608	3821.6560651193486
0900200010612	5178.260464410412
0900200010627	4414.310802956453
0900200011038	3581.2547521190754
0900200011076	4212.9395439115715
0900200011080	4938.045559785548
0900200011165	959.0140489061906
0900200011042	3048.5876538615435
0900200010665	1361.3254165857184
0900200010010	2421.390441199514
0900200010025	850.67052817922945
090020001003A	2524.781123630305
0900200011150	5008.037451867852
0900200011023	1717.6115924081944
0900200010684	1997.574108227598
0900200010044	859.7289253664135
090020001081A	1359.7784177438973
090020001010A	2347.6557162969275
0900200010167	2755.9730699391484
0900200010097	2537.952909686837
0900200010114	653.55506559126
0900200010186	1351.9741588567235
0900200010260	1922.186758307646
0900200010415	2196.769674031065
0900200010472	702.3673604168404
0900200010542	821.1215811647266
0900200010580	2233.4925426475493
0900200010650	2218.490471090688
090020001067A	1758.3958753094867
0900200010769	2900.3226677358953
0900200010788	3805.9853892909896
0900200010792	1242.357246174308
0900200010824	1993.8840832410708
0900200010858	2451.9805031227575
0900200011057	2929.472060202338
0900200011061	2342.7228694512114
090020001117A	2557.9465285316337
0900200010843	2088.2691037394206
0900200010966	3219.866145271586
0900200010379	834.5811057081908
0900200010398	2176.204498981392
0900200010275	1491.0933304775967
090020001028A	1749.2139884492717
0900200010294	1311.0539024310997
0900200010307	1160.4729005725346
0900200010311	19.2671009652671
0900200010326	210.2921618745641
0900200010330	1702.7006291806958
0900200010345	1761.9867018476045
090020001035A	2740.0884759556257
0900200010468	926.9063540552359
0900200010487	573.941823251601
0900200010491	2928.5453994834716
0900200010504	1551.1266624956231
0900200010519	1974.1982921631686
0900200011127	611.7325177983465
0900200010171	2428.16342747297
0900200010364	1681.8032065644668
0900200010383	1683.663070782421
0900200010561	3550.6859634335406
0900200010576	3592.2247107146795
0900200010947	667.766778858651
0900200010896	2463.970102624042
0900200011184	3287.9054471687996
0900200010256	2931.760450507791
0900200010129	653.2210024969111
0900200010133	363.477947186939
0900200010203	513.3301760464574
0900200010218	820.4575094426416
0900200010222	1480.0311045140386
0900200010400	3206.629014218127
0900200010434	1538.579456893077
0900200010449	2818.155267963562
0900200010557	2191.9537953664103
0900200010631	3610.5064956663855
0900200010699	2236.7352020113126
0900200010701	1247.295596207523
0900200010716	2436.7801052346185
0900200010720	2928.251584031198
090020001074A	2269.3905099500666
0900200010754	1582.905875253126
0900200010773	3572.8399686624475
0900200010805	1230.432356695374
0900200010839	2488.491280551768
0900200010909	5224.354572472248
0900200010985	2709.3158714720525
0900200011004	3137.7694027274924
0900200011019	2067.0944373761663
0900200011095	3657.9960768445562
0900200010970	2658.1972593599953
090020001099A	3694.046980393497
0900200011131	2710.552941455171
0900200011146	2710.552941455171
0900200010877	2680.674976162576
0900200010881	2431.975078694648
0900200010928	665.8552956435631
0900200010913	103.4456355762805
0900200011112	626.3606509164792
0901700010070	3910.4027646418695
0901700010865	1930.1014054429688
0901700011045	1296.1973528836743
0901700010210	1408.533332740678
0901700011308	1290.0059910169523
0901700010831	2212.2960601866
0901700011191	2062.3142227517674
0901700011219	1495.4196157285578
0901700011223	1831.2190556093515
0901700010367	1765.7240586250487
0901700010047	2255.076673290735
0901700010051	3754.8138182098573
0901700010140	636.233312935277
0901700010032	2543.7767053538682
090170001048A	1522.2851433318585
0901700010687	1207.9548501886707
0901700010085	2574.733791272977
0901700010102	2502.796983229947
0901700010117	3656.611023639818
0901700010121	2308.205242468944
0901700010136	2391.5765011909034
0901700010155	1727.9789548836745
0901700010329	2073.0323628462684
0901700010884	1771.083625297796
0901700010899	987.3918959099691
0901700011030	937.7745133860755
0901700011242	2380.004702921312
0901700011261	1752.311421873318
0901700011276	2324.6169318747466
0901700011312	986.3088459390356
0901700011399	1231.0892796477528
0901700011416	1136.8293536761594
0901700011435	2514.5570398997174
090170001144A	2601.9011219819895
0901700011454	2144.5745268798187
0901700010206	4770.661765952837
0901700011149	1187.2762880787168
0901700011204	1251.710988351398
0901700011238	1558.3359341168082
0901700011098	1439.1643170273394
0901700011420	1653.2253742497383
0901700010189	2855.893362824595
0901700010193	4576.411365446529
0901700010475	1369.4491117122761
0901700010511	787.0699825917437
0901700010526	1515.1381919299747
0901700010530	1042.9574094633401
0901700010278	3119.7611229463546
0901700010244	1900.341051854224
0901700010259	2850.483256336408
0901700010282	2411.3293363167622
0901700010297	3656.942700338075
090170001030A	3081.617366195349
0901700010314	2988.414122821239
0901700010333	2399.3835782746683
0901700010615	630.2058374334583
0901700010371	1552.3888694062823
0901700010386	1885.4313135827126
0901700010390	1770.0141994530113
0901700010403	1969.9383507586824
0901700010653	702.0355212222738
0901700010418	2015.667813006081
0901700010422	2009.7784266482345
0901700010437	2546.6193081178953
0901700010441	1541.0607611306336
0901700010545	1177.3050538014404
090170001055A	760.737675103424
0901700010564	1421.3697935290602
0901700010579	1465.8664186672886
0901700010583	785.348496260018
0901700010598	731.0707069876906
090170001062A	1088.8683534157399
0901700010649	1117.9863004496651
0901700010668	481.9820244732405
0901700010672	573.3257111990292
0901700010691	825.2286585324235
0901700010704	806.317870463117
0901700010780	825.5534175303436
0901700010808	1173.7570152282112
0901700010812	0
0901700011079	685.116893579904
0901700011083	1343.7820136345663
0901700011346	1300.1142407714701
0901700011350	1546.912015928186
0901700011365	1904.0690282982564
090170001137A	2357.6282866983447
0901700011384	2587.4272964377687
090170001151A	555.573999554563
0901700011524	1938.612376396271
0901700010494	1510.736066372916
0901700010742	162.80386271798605
0901700011011	1416.6548727706295
0901700011401	506.931308419987
0901700010600	753.1491627475915
0901700010456	1236.940473329872
0901700010901	606.5678935151672
0901700010460	1431.1491881793181
0901700010263	2593.8631002123047
0901700010066	4770.661765952837
090170001009A	3311.844819416283
090170001016A	2682.282577108245
0901700010174	3365.4241021264784
0901700010225	2297.6610807792613
090170001023A	3030.1860465280297
0901700010846	406.728951677777
090170001087A	653.1923424389931
0901700010916	584.231082898796
0901700010920	1138.6611228796537
0901700010935	1041.173676796641
090170001094A	789.7638641360622
090170001105A	532.2290210714929
0901700011064	1103.418985382212
0901700011257	1710.501872318962
0901700011280	221.14468677624967
0901700011327	1037.847801056244
0901700011331	506.931308419987
0901700011295	158.107830277204
0901700011026	1316.9916823696406
0901700011488	2317.963663084577
0901700011492	2994.3870426141375
0901700010954	759.2326476120828
0901700010757	8.58384175346624
090170001112A	1328.4996555486127
0901700011134	1167.7422573177296
0901700011115	1671.2228043200416
0901700011153	753.317871936187
0901700010634	1047.2133043209315
0901700011172	1710.750738120195
0901700010992	1006.4505100264206
0901700011100	1435.0904409115947
0901700011187	1059.2189598116083
0901700010988	1255.9424453074812
0901700010969	772.4054880575579
0901700010973	1011.1729334735516
0901700011007	301.009873958124
0901700010507	783.3072850442438
0901700010761	392.0011125746448
0901700010795	1052.978221790363
0901700011168	1273.5559262402548
0901700010827	4068.3241730774957
0901700011505	2220.597818483261
0901700011469	1512.724850484476
0901700011473	1591.838570152685
0901700010013	1886.459139061366
0901700010028	1832.228106661698
0901700010723	320.5881867359675
0901700010738	595.5198152152275
0901700010719	875.1948791541716
0901700010348	1593.3707042123247
0901700010352	1651.6174442706338
0901700010776	1399.6163490021127
0901100011323	10843.458445711767
0901100011446	15861.587225979347
090110001108A	9724.929323133247
0901100010132	8355.799029788497
0901100010452	0
0901100010594	27140.561191262026
0901100011111	6783.671602433571
0901100011357	27446.000881524968
0901100011376	9687.752224710117
0901100011412	9484.948090693808
0901100210787	0
090110001154A	21271.114755723596
090110011072A	8071.752725453678
0901100111041	8071.752725453678
0901100211018	0
0901100111037	8071.752725453678
0901100260965	477.507563437278
0901100010768	5633.8067884946895
090110001040A	11863.010083678422
0901100011075	1696.8725303101032
0901100010310	2079.2005382096618
0901100011361	4092.906588451983
0901100010630	1380.871179231275
0901100010999	361.068723928845
0901100010058	463.4545547976121
0901100010151	5573.032569058277
0901100011056	11967.398027174282
0901100010325	2474.091929785847
0901100010344	8012.391002302441
090110001001A	2831.469110394743
0901100010607	27446.000881524968
0901100011094	1376.725143516049
090110001122A	5455.1341754219475
0901100011249	1590.7515829765468
0901100011253	4663.07220413477
0901100011287	3998.442932230294
0901100011304	9974.018880050286
0901100011338	4092.906588451983
0901100011465	5375.116200970215
090110001147A	2816.334419443453
0901100011484	2434.789299093599
0901100010077	1369.1602081394271
0901100010414	515.872002757898
0901100240749	8071.752725453678
0901100010626	21750.85096244744
0901100010274	5361.630836860831
090110001026A	8012.391002302441
0901100010679	12331.433908950268
0901100010240	6951.5808629997155
0901100010166	6638.948435528714
0901100010170	5589.124266876601
0901100010927	14559.272168815553
0901100010202	11985.523083250378
0901100010217	16119.531335434493
0901100010397	8459.793820528956
090110001065A	10665.202805574289
0901100010306	2079.2005382096618
0901100010645	3902.6652293349257
0901100010289	5633.8067884946895
0901100010043	9484.161641706894
0901100241183	8071.752725453678
0901100010664	980.1743600620547
0901100010113	13323.204769578937
0901100010096	21532.795089632258
0901100010128	10440.382724658517
0901100010382	230.5038792688443
0901100010147	8040.067808715434
0901100010359	8012.391002302441
0901100010363	5633.8067884946895
0901100010378	5633.8067884946895
0901100010575	5335.8266272734145
0901100010433	0
0901100010448	0
0901100010950	0
0901100011234	22581.073492562788
0901100010931	12986.478866471894
0901100010946	689.633883532489
0901100011272	17679.79050205343
0901100011291	1785.447853153085
0901100011319	11961.987568290286
0901100011268	20867.83271406761
0901100210791	0
0901100211022	0
0901100261501	2055.247503068854
0901100010255	6061.4699590491755
0901100261164	950.986253383154
0901100011450	16793.548332805898
0901100010185	4645.710740038649
0901100010984	361.068723928845
0901100010772	2095.4714001932143
0901100010823	9263.269754755078
0901100010804	5437.997933029283
0901100011395	13997.665012326244
0901100241408	6341.072260790497
0901100211003	2434.789299093599
0901100211516	2434.789299093599
090110021115A	2434.789299093599
0901100010819	2434.789299093599
0901100240734	8071.752725453678
0901100011427	3347.469292250558
0901100011380	16793.548332805898
0901100241520	6341.072260790497
0901100010039	21135.014530577235
0901100011145	6089.217000791361
0901100011342	5173.450580914197
0901100011431	3347.469292250558
090110026097A	1025.370062536665
0901100011499	2434.789299093599
0901100011535	13997.665012326244
0901100010753	6631.101461928736
0900500013411	1734.887272502308
0900500010366	4212.137945951226
0900500010703	4002.4580325894594
0900500010436	3046.5572822952654
0900500012536	4147.007462397301
0900500012305	2757.4876273888244
0900500010277	2588.2541420538378
0900500010421	3518.0013253466414
090050001085A	4482.597899539445
0900500011716	2035.3621171167736
0900500010493	808.0702988694137
090050001174A	3069.9776997563913
0900500012288	2916.3574420976247
0900500012466	857.6602847730063
0900500011542	3181.107923347149
0900500011773	1279.9396388741511
0900500010173	806.5564035214786
0900500013159	4773.865128940339
0900500010489	601.0704973060904
0900500010154	206.134465055219
0900500012593	3500.306081830308
0900500013318	3742.665149873462
0900500012184	1249.169356625397
0900500012964	3519.178420590782
0900500012979	4727.003966422847
0900500012894	4564.6718046175065
0900500010385	3104.256161992071
090050001039A	2643.115701389059
0900500010417	2257.9514192596057
0900500011222	2552.116539121345
0900500011557	3622.455344663848
0900500011720	2217.326962130135
0900500011735	3409.7226765728146
0900500011769	1986.5132997279602
0900500012273	2848.1888261711247
0900500012381	2284.867316363937
0900500012485	425.2313783819051
0900500013144	4305.165815100147
0900500012714	746.5521949668275
090050001231A	1564.5614182884278
0900500012292	1735.121690171788
0900500012428	1252.1848487810698
0900500012470	1277.9211153060364
0900500010883	2151.962712507434
0900500011699	1441.2813055141335
0900500012396	1438.6255342242343
0900500013271	4889.977868570079
0900500013290	5940.978941356465
0900500013407	675.6938009683049
0900500012771	1840.438638017516
0900500012790	2593.0112777423547
0900500010258	1524.1978774488261
0900500010309	5451.8059320126395
0900500010845	3722.1425515321616
0900500010879	1304.31435068018
0900500011025	3123.0315538692803
090050001103A	2958.8752290646867
0900500011044	3281.6640077554907
0900500011059	2808.822098123864
0900500011078	1781.156778765736
0900500011097	2674.967571880461
090050001110A	3211.706333874011
0900500011133	571.344070477249
0900500011186	2152.871655227784
0900500011190	3037.9509335843413
0900500011218	2858.9474751183984
0900500011241	3898.0836156921205
090050001128A	586.686499491597
0900500011294	584.4435691579281
0900500011311	2761.8748968318732
0900500011326	3234.5391220114043
0900500011345	1427.15858782145
090050001135A	2180.6458009274147
0900500011379	5169.435137512884
0900500011398	2808.90199911338
090050001142A	1215.1386420110134
0900500011468	518.0173012244059
0900500011472	257.0537087305173
0900500011487	1541.1065403780044
0900500011523	1915.2014056302473
0900500011538	1950.843373653937
0900500011561	2237.325745423195
0900500011576	2418.168677166811
0900500011580	2214.718423297828
0900500011595	2276.894984285629
0900500011608	1681.7773599714055
0900500011627	736.4002575340027
0900500011631	257.0537087305173
0900500011646	202.78459126752
0900500012339	1585.420917578582
090050001167A	1391.8361914282696
0900500011684	1540.7864181076038
0900500011701	1854.6262743191721
0900500013214	2961.1136329967094
0900500011788	337.526086545242
0900500011792	1416.5727369491772
0900500010050	3456.1895827706876
0900500010898	2016.8649551667538
0900500010243	429.757364924591
0900500012076	2004.2718879318506
0900500012095	1531.2581265721226
0900500012108	2445.847062762056
0900500012146	1830.095570832317
0900500012150	1798.498232297103
090050001217A	884.30539736738
0900500012201	1368.5857331290827
0900500012220	2492.5235864614215
0900500012235	1680.1521388838987
0900500012377	1004.3069546512947
0900500012803	4514.345890822646
0900500010510	285.7047511047093
0900500011970	943.8507686883243
0900500010991	3927.204767969104
0900500010506	254.445551237401
0900500010953	2497.4707232221613
0900500010968	1602.1101712240309
090050001092A	1532.2582004033172
0900500010934	6207.39460971055
0900500010949	2528.926540834507
0900500011932	1519.0626005698198
0900500011951	1029.3990785073056
0900500012216	2045.3683765829912
0900500010135	1933.9604299849827
0900500010169	756.2349708826716
0900500010188	1415.6765007479148
0900500010192	265.359660333555
0900500012786	2376.3629021485553
0900500010205	698.6670808975759
0900500010224	1280.5502096165155
0900500010525	171.118559509611
0900500010559	0
0900500010737	2720.7338014693764
0900500010582	3872.4887777934705
0900500010597	3953.55673525702
090050001060A	3506.464800824627
0900500010614	2835.7448525843897
0900500010629	3487.225842957537
0900500010633	2843.303900482913
0900500011082	1630.0809742990812
0900500010667	3770.3625651124635
0900500010671	4672.913390006172
0900500010718	3048.1007022190565
0900500010722	2708.4672502831154
0900500010741	2413.8252812173328
0900500010760	2621.505229345252
0900500010794	3560.812822582085
0900500010811	4134.8520920262445
0900500010826	4034.1107559633065
0900500010830	3885.0832453926078
0900500011805	807.6708677113754
090050001181A	1526.0265449141018
0900500011824	1505.2960202124063
0900500011839	581.4573986631889
0900500011843	29.7090151830965
0900500011858	815.762269251919
0900500011862	1483.8165707388937
0900500011881	1429.0345389035913
0900500011909	1344.4259554467105
0900500011913	41.6075882891043
0900500011928	51.5655150386299
090050001199A	940.7656083034835
0900500013093	860.2541195112641
090050001313A	3164.5000441194675
0900500013163	3559.099310219587
0900500013178	2899.7132096465994
0900500013182	474.41170641112
0900500013197	1326.6653394120717
090050001320A	2486.360393630976
0900500011985	1464.5618035573088
0900500012269	1892.9418688704168
0900500012362	1102.9345431059573
090050001295A	955.0162618469394
0900500012112	2187.273472942882
0900500012358	1499.5343163805646
0900500012447	751.1655432814538
0900500012409	931.6889647133239
0900500012752	2982.210195137456
0900500013248	3988.521849758937
0900500013252	3742.665149873462
0900500013303	4211.281686412185
0900500013322	3742.665149873462
0900500013341	2017.1119573689175
0900500013375	1106.7251830877917
090050001338A	1027.130137738923
0900500013394	2244.885174748296
0900500012767	2982.210195137456
0900500010440	1126.0522452721
0900500010455	1533.023906789292
0900500011148	2938.3726194947494
0900500012837	4377.970078939357
0900500012841	5892.6614172883765
0900500012856	3143.325208628272
0900500012860	1463.8407569463
0900500012930	2013.1275461300083
090050001288A	4412.239421174554
0900500010313	2383.4938265459105
0900500010328	1998.719190086045
0900500010332	2533.2713787476305
0900500010402	4457.899788092816
0900500010370	4004.530284090513
0900500010864	3885.3629800768276
0900500011237	1679.455493366107
0900500011203	2429.867475176533
0900500011364	2561.698644815319
0900500011383	1574.786154337
0900500011415	1728.7365060322095
0900500011434	454.089890473572
0900500011449	233.046445610646
0900500011453	495.134989018778
0900500011612	1028.625190661834
0900500013110	2927.6815138926
0900500011754	2433.2230294103374
0900500012019	2483.193987874728
0900500012199	1917.4964936288088
0900500012057	901.3657985829125
0900500012324	2626.4789282545776
0900500012451	401.6481313932475
0900500012682	4331.355848225372
0900500012697	4680.850814468133
090050001263A	4675.824087041536
0900500012644	5270.423866247726
0900500012659	4759.993943494713
0900500012663	4379.013096168743
0900500012678	4732.579322500143
090050001270A	355.21316077585874
0900500012733	3731.846121181379
0900500012748	2961.1136329967094
0900500010351	5906.676063926755
0900500010915	1626.4413262439616
0900500011400	2791.088928354009
0900500013426	1706.1176557311692
0900500011114	1750.6920450783475
0900500011256	2669.497060643929
0900500011330	2130.7637236812466
0900500010281	4514.345890822646
0900500012822	1357.3267801473448
0900500012061	1371.824854950728
0900500010296	5989.627391286265
0900500011063	1678.2524524995495
0900500010900	917.7005439010177
0900500010474	2711.853779916511
0900500010084	3231.410532595167
0900500010099	1610.7201810781748
0900500010101	2061.8273992575523
0900500012625	3231.6971591230504
0900500012606	4147.007462397301
0900500013055	1332.3143478819372
090050001306A	2360.219219136022
0900500013089	2555.8158544660155
0900500012432	885.8297818138652
0900500012004	1567.1200274357695
090050001224A	1608.203689033413
0900500012080	1891.8525536448858
0900500011877	1301.1080004271146
0900500012945	601.0983517144516
0900500012254	792.710458789291
0900500012038	1884.3633314542149
0900500012023	2778.711699829496
0900500010756	2577.4615589017494
0900500010775	2231.1655177929338
090050001078A	3160.309599799239
0900500011260	1872.6746783874155
0900500011275	471.2816011595807
0900500011129	1879.8390265646647
0900500011171	2048.2192052192313
0900500011006	3015.0933109814814
0900500011307	1485.4819677553267
0900500011504	2091.1674952750686
0900500012907	1587.3630947369365
0900500011665	1910.3060825981938
0900500013337	2302.8645502487507
0900500013445	4225.185505352944
0900500013233	3632.0667206536755
0900500012729	4214.366476660862
0900500013430	3742.665149873462
0900500013074	1786.8843050426876
0900500012127	2000.9411964919184
0900500012131	1095.6043506249712
0900500013360	4356.823806156116
0900500010012	3742.665149873462
0900500010027	3742.665149873462
0900500012343	1756.209937024262
090050001014A	908.427323066697
0900500012983	4150.973508923806
0900500010972	2123.2898898946246
0900500010807	3612.7025983229173
0900500010262	1357.3267801473448
0900500012574	2158.5468087310232
0900500012875	1259.0622773196053
0900500013125	2078.826257579377
0900500013356	4134.041506977067
0900500012998	4123.981752257397
0900500013229	3231.6971591230504
0900500013267	3519.178420590782
0900500013286	4727.003966422847
0900500012610	4147.007462397301
0900500013017	4147.007462397301
0900500010563	3652.0576469834305
0900500011167	1469.661347668131
0900500011152	1592.2151404553442
0900500011650	667.3439867269961
0900500011896	1495.9801707862441
0900500012042	1385.5997629758667
0900500012165	364.6082614797923
0900500010987	2729.963629964889
0901600010020	3311.484648406633
0901600010798	853.0413955694653
0901600010891	1837.71761021668
090160001068A	1181.9178553855131
0901600010302	2435.7080051861954
0901600010694	1350.9166946545085
0901600010016	2497.9405233180223
0901600010800	4073.763723786657
0901600010073	1729.1495093208528
0901600010213	1909.485840769467
0901600010228	1676.2040809774742
0901600010054	1417.2009957685925
0901600010069	1178.031251681408
0901600010092	1879.1295336828573
0901600010232	1853.8913257451636
0901600010711	1344.6566718415274
0901600010853	4956.560778613902
0901600011029	1408.2516784277486
090160001118A	710.9889054169751
0901600011211	966.6322065724471
0901600011226	2300.531276327928
0901600011071	3857.1422018884873
0901600011090	2659.1466494455026
0901600011103	2168.209291308827
0901600011118	2152.1862253397717
0901600011137	1683.3628794935967
0901600011156	88.3951709108662
0901600011230	5394.304969110731
090160001125A	9910.817190758828
0901600011283	5605.8519355627
0901600011298	6132.095418970269
0901600010088	1545.9671186456094
0901600010815	2335.722508168831
0901600010868	5800.6197556962425
0901600010529	2168.1279900395025
090160001100A	1746.0142528155957
0901600010143	1916.4466457689844
0901600010887	950.8742044337625
0901600010425	1635.6063477723656
0901600010764	2209.346439321882
0901600010139	279.7104285096796
0901600010158	966.7032148546016
0901600010196	1790.3227858087323
0901600010478	1611.8970795028715
0901600010548	2480.611070185585
0901600010482	1699.8441526739375
0901600010533	1976.8300438465542
0901600010035	3315.2241579692445
0901600010270	1413.6714245209396
0901600010336	1014.2148141138068
0901600010340	1275.7240658269538
090160001036A	837.1140956668405
0901600010374	89.1126872337326
0901600010389	1278.4500464641294
090160001043A	816.4922804429755
0901600010444	1231.7910917639508
0901600010603	1426.8013222826992
0901600010641	1969.2516058342271
0901600010707	1934.8199395126617
0901600010745	2191.0747682747146
090160001075A	3056.637488072342
0901600010961	1163.1007244761468
0901600010976	1144.0156011600723
0901600010980	2299.539272378106
0901600010995	1746.0142528155957
0901600011207	1985.0926767312706
0901600010783	2077.460533520283
0901600011122	1728.6555322252204
0901600010675	1737.5936688631155
0901600010779	1113.8958351701217
0901600010834	2842.999395049108
0901600011349	689.225814655537
0901600010872	768.2533533118275
0901600010919	1349.8168576752396
0901600010251	980.5014946929253
090160001132A	89.1126872337326
090160001004A	973.3166287472204
0901600010957	2474.2782485206985
0901600010410	1603.3240313145961
0901600010162	1994.285126385825
0901600010459	1086.0731829610104
090160001050A	1945.1329654577207
0901600010552	2744.985390558915
0901600010393	1776.4624974800174
090160001082A	1669.453483005555
0901600010317	2234.2256735869155
0901600010105	2050.8314369131417
090160001011A	1656.4296189120532
0901600010247	26.2434100239583
0901600010321	1332.188275961066
0901600010586	1917.6232480858503
0901600010590	3108.2807502955793
0901600011052	2388.4223690146264
0901600010923	3626.3496552444817
0901600011048	4373.576214792147
0901600011067	3025.5372057316763
0901600011014	1845.0953342052228
0901600011194	507.2010940953695
0901600011086	2646.7039666729875
0901600011141	317.6550941734822
0901600011160	437.6534729798939
0901600011175	440.8491852996736
0901600011245	5394.304969110731
0901600011353	3519.4267797368943
0901600011368	3335.7401967075234
0901600010181	2052.6730916344295
0901600011315	58.5291178989054
0901600011334	1916.4466457689844
0901600010177	1597.398088967928
0901600010209	4352.985138809692
0901600010285	2362.182372486838
0901600010637	1970.7543554495987
0901600010656	1080.4376219210476
0901600010660	1286.7791025974532
0901600010942	1356.3759298618488
0901600010124	987.7482700299495
0901600011033	4765.326950871783
0901600010904	5085.001144095505
0901600010463	530.1362994670726
0901600010571	2337.4072890478683
0901600010622	2060.7921924613756
0901600010849	1391.9649297516703
0901600010730	2142.531326923841
0901600010618	2485.473008342761
0901600010514	3344.0220254856044
0901600010497	1658.6992007853842
090160001029A	2927.7608674599223
0901600011279	4869.250233444069
0901600011264	5414.820215357059
0901600011300	6174.124071857117
0901300010885	6635.332610583261
090130001057A	2434.789299093599
0901300010565	3347.469292250558
0901300010029	3517.8442123514105
0901300011243	2536.3288447779864
0901300011224	3673.0318232877044
0901300011205	2434.789299093599
0901300011455	5350.9400153147635
090130001018A	3886.129009120558
0901300010086	3100.0575096701496
0901300010160	1076.069559199392
0901300010495	2933.543040924604
090130001139A	5256.947374429026
0901300010033	2999.724192394306
0901300010315	2439.9489210549064
090130001032A	119.1242297040227
0901300011385	4197.0478382718475
0901300010688	3740.0641436325195
090130001107A	2410.184950861659
0901300011050	2145.971219017214
0901300011065	4038.23610265166
090130001121A	2583.3227128396547
0901300011239	4049.8338730576083
0901300010194	3500.8978932153163
0901300010175	2825.180036960148
0901300010211	2906.900974133397
0901300010226	2993.766203519156
0901300010230	601.6390862899436
0901300011578	10335.214833531349
0901300011262	3896.638109603507
0901300010207	3500.8978932153163
0901300010705	3152.48578377135
0901300011135	6613.047453023629
0901300011046	4092.478580730003
0901300011510	3749.472641481843
0901300011474	4698.728418472201
0901300011402	14822.520625849009
0901300010461	12619.025047832827
0901300011328	22760.049875131917
0901300010870	2434.789299093599
0901300010866	20561.477759598856
0901300010813	6000.158957491159
0901300010404	1378.9999488944964
0901300010283	5874.667620387596
0901300011296	9623.404791086721
090130001025A	761.327421701785
0901300010442	3466.768714501761
0901300010334	3836.6193949435387
0901300011309	4177.843419348199
0901300010832	1988.8967322904364
0901300010724	9557.659382452335
0901300011489	9557.659382452335
0901300010809	5703.9543055770355
0901300011440	9215.935402771138
090130001064A	8047.068290162977
0901300011031	11583.205927604666
090130001089A	8645.855809641398
0901300010654	6655.375987813888
090130001146A	1830.5112782470705
0901300011173	1305.6796739684414
0901300011525	3774.7024028055353
0901300011417	17559.011683457466
0901300010423	3779.849030941024
0901300011027	4999.520416611138
090130001114A	9349.538510632088
0901300011544	10555.869836525664
0901300010090	4197.0478382718475
0901300010052	650.9125059661305
0901300011366	8605.597112042227
090130001071A	21268.85266172566
0901300010758	4302.626522454941
0901300010508	2503.9763217655805
0901300011192	3347.469292250558
0901300010550	3347.469292250558
0901300011169	8725.666731367606
0901300011154	7001.796201117083
0901300011188	1814.0976811764153
0901300010847	3862.7872429470867
0901300010669	5116.188946200337
0901300010851	6596.500121517098
0901300011563	2434.789299093599
0901300010777	9567.14807766685
0901300010601	4623.295306826997
0901300010762	10555.869836525664
0901300010438	2314.5338765997985
0901300011436	11276.88984973567
0901300010743	7969.919732437774
0901300010014	2999.724192394306
0901300010067	1750.3936212041572
0901300010122	320.272187729752
0901300010137	191.664812433192
0901300010245	1140.0653378067082
0901300010279	9557.659382452335
0901300010298	4374.440873834941
0901300010300	2856.579296703713
0901300010353	8976.88651077258
0901300010368	17263.619586299257
0901300010372	6805.356102243705
0901300010387	2577.7347613147485
0901300010391	1399.4440212064665
0901300010419	2108.746126824308
0901300010480	2209.606250914717
0901300010527	17361.732761547122
0901300010599	555.973905677073
0901300010692	20561.477759598856
0901300010739	9944.66035254236
0901300010828	604.0034292873052
0901300010917	7251.977544187364
0901300011084	823.127671753417
0901300011099	845.789353544376
0901300011101	2383.586973695692
0901300011116	3152.48578377135
0901300011120	3876.556395415167
0901300011277	1460.7758375797482
0901300011313	3347.469292250558
0901300011332	1616.7852128307413
0901300011347	2139.428846277642
0901300011370	7977.716023667823
0901300011421	5526.9524853944895
0901300011493	20561.477759598856
0901300011506	4580.984435890863
0901300011559	22760.049875131917
0900400010119	1539.5540341621363
0900400200388	7861.267067257331
090040001002A	0
0900400010053	2593.894377754744
0900400010180	4472.384207366917
090040001034A	2865.8091880907173
090040001041A	1246.4086342529317
0900400010104	2044.5465951981764
0900400010072	2929.4954712636063
090040001027A	2932.371277086979
0900400010354	1451.7329327201496
0900400200246	5362.354300942501
0900400200316	6984.350506211724
0900400010301	2952.980514281675
0900400010227	5966.799512485173
0900400010392	6102.7932160154305
0900400010208	4687.1019902651115
0900400010299	458.1781604956582
0900400010123	988.1291027408536
0900400010369	4337.299508351893
0900400010212	2596.5219199289204
0900400010049	2489.6441301528357
0900400010195	3173.356377120167
0900400010091	1685.941768422113
0900400010231	1340.5702005903095
0900400010138	8996.092469625113
0900400010320	7110.418682188716
0900400010373	6075.53641431785
0900400010250	9244.312966022637
0900400010176	4762.251203056503
0900400010405	887.043127196344
0900800010086	2382.307618562204
0900800010387	2295.8997621658746
0900800010438	2110.546092402534
0900800010527	2662.4087209351223
0900800010508	904.896963747454
0900800010194	2360.0900365564303
0900800010476	2786.9795512444703
0900800010052	4384.863457716233
0900800010090	1017.8949209550253
0900800010103	1281.1788059911435
0900800010334	319.50455233784197
0900800010118	2702.3243156266444
0900800010156	2344.1014951786105
0900800010283	2822.51288364125
0900800010512	2146.804018577577
0900800010175	3085.780092166805
090080001018A	2107.8574809667934
0900800010207	1738.455243312053
0900800010211	1874.9250632961562
0900800010245	2218.328951146929
090080001025A	790.4861472211378
0900800010264	762.437676385317
0900800010298	2193.0766819100877
090080001032A	333.7123697326435
0900800010531	1878.1947671447065
0900800010546	1877.1867756519086
0900800010071	3954.8288586278522
0900800010495	1150.222769478888
0900800010067	3954.8288586278522
0900800010029	1453.9262872282598
0900800010033	1288.006712713635
0900800010137	1697.7215733803055
0900800010122	3276.5115914451962
0900800010141	469.9961300210949
0900800010160	879.4397737298232
0900800010226	2034.0993339491877
0900800010404	1574.3423325711979
0900800010423	2302.593907317686
0900800010550	0
0900800010565	875.21709033427
0900800010315	309.09572003268
0900800010014	3190.5830614930765
0900800010048	1121.3884737505678
090080001057A	1030.264794913662
0900800010457	4202.440683064341
0900800010353	309.09572003268
0900800010349	1753.961606680133
0900800010599	5331.441232439521
0900800010461	2669.840253217106
0900800010584	1566.405065742679
0900800010230	1720.7637290292485
0900800010300	464.3138888652892
0900903000647	8071.752725453678
0900900330488	5264.194079690106
0900900330350	4561.415739539529
0900900360223	0
0900900240577	3767.11620274653
0900900240581	1845.307700003027
0900900010562	0
0900900010312	0
090090029044A	2670.802418261142
0900900330346	4353.977905709396
0900900010308	2704.714124733261
0900900010327	0
0900900110543	2434.789299093599
0900900240651	3002.5168390038734
090090011051A	0
0900903000632	8071.752725453678
0900901520628	4362.46456269783
0900900290473	658.6209915292831
0900900010026	0
0900900010331	0
0900901520613	4362.46456269783
0900900010505	2704.714124733261
0900900290469	1446.1164248129526
0900900360238	1454.15485423261
0900900240191	1769.5045764204224
0900900170365	0
0900900240596	1064.28901934056
090090015012A	10622.58437990752
0900900290609	1320.3987235166267
0900900110416	0
0900900010492	2704.714124733261
0900900110401	2434.789299093599
0900900170384	168.8568269892101
0900900110435	2434.789299093599
0900900110420	2434.789299093599
0900900360242	4362.46456269783
0900900170558	0
0900900240204	1594.245721890657
0900900240219	1713.227804540661
0900900290454	2687.7582714972013
090090017037A	168.8568269892101
0900900170399	0
0901500011074	1223.0875710750795
0901500010127	1317.219660050765
0901500010589	1683.1776331113938
0901500010358	1726.844209383815
0901500011464	749.0675713853377
0901500011479	520.4500354859877
0901500010038	2175.5474276570058
0901500010911	1786.6906020431582
0901500010023	3086.3183098478457
0901500010466	2108.5033072006377
0901500010926	767.5554234048342
0901500011229	1256.3619958805928
0901500011290	963.7061010333566
0901500011303	1528.6721723181465
0901500011411	1286.9165328419072
0901500011430	2039.0483135604175
090150001145A	994.002685267171
0901500011498	1372.8607745804097
0901500011500	1553.2783849592781
0901500011515	1319.648514900893
090150001152A	1030.0916757864147
0901500010945	702.3734528319092
0901500010983	497.3788566799845
0901500011089	1096.9683476397088
0901500010042	2234.5294183730884
0901500010057	3630.900438570651
0901500010061	3886.666520594822
0901500010080	1977.8077211826417
0901500010165	1111.288796611963
090150001017A	2737.564068154708
0901500010555	2580.3971477194236
0901500010593	2278.837517189857
0901500010663	1805.5385709715943
0901500010930	528.9511425750068
0901500011178	1767.225828902975
0901500010678	1439.083441688061
0901500011549	0
0901500010112	1518.2996475664302
0901500010254	1397.617451059572
0901500010216	1982.420149263718
0901500010451	1180.312886092231
0901500011286	1388.6955974543341
0901500011055	635.7456554494663
0901500010377	1561.288931724506
0901500010146	1780.2208507510086
0901500010184	1956.4276700381279
0901500010752	1119.869750868655
0901500010536	1265.6917102320863
0901500010362	2044.4356990276801
0901500010413	3619.8899184240463
0901500010432	2809.5320820104976
0901500010447	1877.6072989339132
0901500010470	1227.8377118388667
0901500010485	1201.8376944138545
0901500010697	1324.7464621051379
090150001070A	1312.9371404704193
0901500010714	886.1479956666471
0901500011144	908.905237219869
0901500011163	746.7847732755083
0901500010748	597.230095523054
0901500011182	965.5611189507523
0901500011197	979.7816528299863
090150001120A	961.6167494645824
0901500011214	1026.1367884007434
0901500011233	1033.4003738576525
0901500011267	1163.9005409920999
0901500011248	2641.319329378104
0901500011252	1946.245912519943
0901500011271	785.4922229720189
0901500011360	1568.8944192449758
0901500011375	1070.1482985910284
090150001138A	1218.9005987420455
0901500011394	1976.4282597944832
0901500011407	1703.5622737401736
0901500011426	2300.8037927101295
0901500011445	1603.9107395447156
0901500011483	1110.7813067902562
0901500010998	696.8444712050725
0901500010076	2096.426176589358
0901500010095	2313.334645652192
0901500010199	1784.3599930064138
0901500010818	1206.7105720859681
0901500010339	1050.82096207515
090150001049A	358.395741878373
0901500010502	712.376741691837
0901500010521	2795.2482629329397
0901500010540	392.769513129898
090150001056A	730.7748284927188
0901500010574	858.4335555545348
090150001063A	910.9660368785035
0901500010644	980.045953450693
0901500010659	1430.0461323220948
0901500010729	847.0227374159012
0901500010771	1275.9514990331315
0901500010786	1900.8313009975361
0901500010790	679.185122555609
0901500010803	793.1215280888707
0901500010841	998.1712265802738
0901500010856	874.5105193423617
090150001088A	232.3349947690199
0901500010894	231.7942557467552
0901500010220	2425.8372797041966
0901500010907	811.306670798941
0901500011159	1138.7960371437032
0901500010273	1397.617451059572
0901500010288	1921.9610033079898
0901500010305	2012.2402940542388
0901500010517	2335.258293746083
0901500010409	3159.8575538955447
0901500010682	1936.875840210288
090150001113A	933.7464614609453
090150001106A	889.1949208652213
0901500010343	1111.288796611963
0901500010269	0
0901500010019	3031.9044728135877
0901500010396	2349.4997174819955
0901500010733	692.0373049001694
0901500011125	1171.5163000505163
0901500011341	1615.1093166133087
0901500011356	1088.6540000553919
0901500011534	197.85969221047748
0901500010235	2115.6119221986337
0901500010767	1044.6040834373061
090150001095A	194.037258907749
0901500010964	216.618280094468
0901500010979	489.0892111869299
0901500011036	877.353073861105
0901500011040	592.6337771032684
0901500011093	444.380655583021
0901500010381	1539.1418810684463
0901500010292	1954.417305698106
090150001024A	2383.554872843556
0901500010108	2412.7878325030965
0901500010131	1397.617451059572
0901500010150	1491.1981025054733
090150001031A	1768.0050603390723
0901500010324	1173.4375290117114
0901500010606	0
0901500010610	515.399014399761
0901500010625	372.37671473847195
0901500010822	781.4656184445884
0901500010837	1039.2389954249054
0901500010428	2970.648107804826
0901500010201	1160.667769755986
0901500011017	1013.4502599844603
0901500011110	1258.3777352107682
0901500011337	1919.4173398147623
0901500011318	2472.0779522046714
0901500011322	2139.6569863042955
0901500010860	18.2949259002646
0901500010875	322.81544038907623
0901500011106	539.2565258578759
0901500011002	301.3456358261965
0900300011783	3134.240809806223
0900300010357	1442.907789408507
0900300010361	1847.48151828523
0900300010728	3921.290463980861
090030001054A	2205.633788248575
0900300010111	2260.6195174972063
0900300011092	1823.7485882013673
0900300010906	921.6353006795862
0900300011425	2426.445486198206
0900300011444	2379.7170090170102
0900300010018	2557.0860296089563
0900300011105	4169.1753204960205
0900300011618	3611.8646461635026
0900300011073	1049.8333333374435
0900300010037	2394.6466627961304
0900300011660	1237.2550431156344
0900300011694	2363.36886726481
0900300011730	4542.202307214684
090030001175A	2770.935673573529
0900300011764	3003.31906067455
0900300011779	796.8458094963298
0900300011798	2739.216263533935
0900300010060	2627.7258651914767
0900300011139	4354.243642060475
0900300010022	2150.287448068842
0900300010041	2234.402591156558
090030001008A	5506.871381811365
0900300010075	3562.7801471534744
0900300010713	4301.434298263609
0900300011124	112.549408823329
0900300010094	3243.2058340844683
0900300010107	3222.033965796098
0900300010130	2362.645186599347
090030001015A	2811.842683933158
0900300010179	4635.319612604827
0900300010234	2433.0221649669625
0900300011228	4129.052533071262
0900300010412	2002.6146142140187
090030001168A	4173.352435084851
0900300011707	3420.1957474450596
0900300011726	4542.202307214684
0900300011745	3455.487983348818
0900300011317	2631.64883197028
0900300011478	2559.02126418914
0900300011143	6884.275643758736
0900300011529	3898.9386471983717
0900300011675	2650.918256998107
0900300010164	2791.265231170088
0900300010183	4775.299579746506
0900300010198	4387.972148884625
0900300010200	3981.462202531373
0900300010215	2863.1328780366107
090030001022A	2467.147415594643
0900300010249	2404.4395066510465
0900300010268	1511.29086903658
0900300010380	2783.0585514590816
0900300010395	3139.5019513516104
0900300010408	3405.3186698263585
0900300010535	2840.643437481407
0900300010821	204.9937046960251
0900300010836	337.534755916353
0900300010840	675.069511832706
0900300010855	1547.660463914312
0900300010889	5406.218377597075
0900300010893	3260.7864106025254
090030001093A	1222.3302173723332
0900300011020	2461.74241342612
090030001129A	1690.002472991177
090030001136A	1254.1940317353403
0900300011374	3726.11834983249
0900300011389	1582.174801506769
0900300011393	1779.8513302892393
0900300011406	642.6515162584375
090030001143A	1963.4488089024533
090030001150A	541.5588484522041
0900300011514	2358.9039374021827
0900300011533	3371.5523859955574
0900300011567	2707.193500263668
0900300011590	3065.2396370205806
0900300011482	636.9545896297279
0900300010516	3437.3115257308305
0900300010145	2843.076015591106
0900300010287	0
0900300010291	2140.3620021917504
0900300010304	2695.084882149779
0900300010319	3465.2443312975024
0900300010323	5690.922614131394
0900300010342	3342.5732732590573
0900300010376	2641.1691431077743
0900300011336	1291.5401696254698
0900300010427	1938.178612791527
0900300010959	824.7088902251967
0900300010431	2067.297243820238
0900300010446	2742.7162397394613
0900300010450	2433.5790935348
0900300010465	3914.490013571862
0900300010499	6884.275643758736
0900300010501	3837.9763218716957
0900300010520	3774.373359047722
0900300010696	2817.243057442273
0900300010785	3510.3672470381366
0900300011162	1509.6266179231568
0900300011232	3997.189628695471
0900300011247	3437.0949488753517
0900300011251	840.279972376075
0900300011270	2585.5258597493194
0900300011321	2105.733290146671
0900300010554	1842.1104682617952
0900300010573	2527.464949977136
0900300010605	3754.6210717482395
0900300010624	2831.6544931921044
0900300010639	2538.086457725595
0900300010643	1243.017413874869
0900300011213	1281.4190828984144
0900300010658	190.380970004639
0900300010662	1769.10845853266
090030001079A	822.435446558581
090030001086A	5334.848442100275
0900300010802	230.806676574757
0900300010817	1385.2413814293975
0900300010982	979.222897758747
0900300010997	1839.477491859559
0900300011001	1860.4292469467036
0900300011016	1253.482142312024
0900300011069	3905.0165447687077
0900300011410	3418.660301027404
0900300011340	3318.1011637889
0900300011355	2859.784988369927
0900300011459	809.0201897897114
0900300011497	938.4724345985001
0900300011463	1167.216226086076
0900300011622	3010.359378299442
0900300010126	0
0900300010588	3685.727142605317
0900300010056	2321.872727845127
0900300011302	1691.3980844192215
0900300010272	2372.8435278813768
0900300010677	746.807582460685
0900300010681	1015.374000051279
0900300011158	2723.037505289355
0900300011181	78.9653794271412
0900300010978	1517.608552587646
0900300011656	2358.787245133172
0900300011571	3373.3317668415953
0900300011552	3287.8715973924227
0900300011548	3354.424851036417
0900300011586	4513.945197562489
0900300011266	1680.55994475215
0900300011285	1944.3197668372295
090030001061A	1140.48622759024
0900300010770	2498.430704149799
0900300010484	5140.625054889182
0900300010709	5179.044434297955
0900300010963	3014.794304969175
0900300011637	2753.3620191561686
0900300011641	2169.9399231561315
0900700010638	860.1096503182433
0900700012121	0
0900700010271	3134.603894486415
0900700010623	1432.9931982854398
0900700010479	2064.946728428943
0900700014274	4069.0464852124246
0900700012795	1866.530801542675
0900700014842	2360.391695211324
0900700015291	1084.0776415092037
0900700011458	1527.9432894983272
0900700011462	1739.5302051568829
0900700013897	1241.506521190533
0900700011180	975.2194085741526
0900700011195	868.3105953490166
0900700010500	1886.5962405434668
0900700010515	3485.6777827117226
090070001369A	2502.8271459951516
090070001440A	1987.555841694781
0900700010642	2809.8078865882458
0900700013632	2889.5839011295116
0900700011852	3527.0030087012124
0900700011867	5976.8123278887615
0900700011941	4076.6010657373286
0900700010229	2277.0664045695503
0900700012371	3610.8807454585813
0900700012386	3282.940208457885
0900700010017	3178.1729173042327
0900700010888	2991.728127197038
0900700011176	1000.8045697555442
0900700010924	2217.998618337966
0900700014397	2912.928692560493
0900700013100	2603.8950241480798
0900700014575	1816.235014539092
0900700010680	2109.291347028158
0900700010695	2300.3810711093374
0900700010727	1259.232351867412
0900700014147	1935.3811589736906
0900700011015	1893.2770994102852
0900700015427	1376.725143516049
0900700013115	489.47380552483
0900700012174	800.7581413499047
0900700012189	2436.744675464536
0900700012390	2862.297018123344
0900700012403	2454.551693232855
0900700012456	1116.6775012801459
0900700013083	2933.414392712634
0900700010939	1117.1318058669272
0900700010981	275.2867028838934
0900700010021	2977.9821233936455
090070001006A	2232.544971751024
0900700010089	2287.325826616553
0900700010093	2228.619136017922
0900700010178	3240.3059389848368
0900700010182	1228.4365889552641
0900700010214	1841.2571276675521
0900700010318	2132.345708346667
0900700010322	2293.345031319191
0900700010375	1143.0541511043987
0900700010483	1731.6069547152504
0900700010498	2367.312973795428
0900700010801	2800.2943454145284
0900700010892	4242.163323906351
090070001134A	1495.3355267235966
0900700011354	2093.952869226515
0900700013134	2246.6952447500985
0900700013420	195.5739942229455
0900700013492	2341.3792617524314
0900700013539	2624.833415815826
0900700014289	3135.26434048674
0900700014325	2662.14873170639
0900700014359	3362.821188081212
0900700015408	0
0900700014363	2076.179504514832
0900700015107	2132.486591393124
0900700015338	2603.8950241480798
0900700010337	2483.418888997159
0900700010553	3111.9335939373786
0900700010568	3079.382109740334
0900700010572	2440.9194206856373
0900700010587	6786.397701064204
0900700010619	1441.3053063026634
0900700010676	2678.206251625205
0900700010708	2005.0958314043216
0900700013613	3001.1682348389677
0900700013628	3040.6885013030305
0900700013789	980.3009111397697
0900700013844	1864.739985111813
0900700015037	425.922678669413
0900700015554	2176.0443267937594
090070001561A	5841.727240472187
0900700015925	11494.952044234356
0900700010765	3531.217450625781
0900700012831	1001.287901089195
0900700015681	2927.779551667372
0900700014128	1126.6358604030747
0900700015696	1386.7803753275334
0900700015910	3532.5796222934437
0900700015249	10062.55315899829
0900700015766	2888.1491845714672
0900700015770	2773.0760938875915
090070001579A	2498.1375773637383
0900700010958	630.9313977576622
0900700011000	1402.0573728395184
0900700011087	3070.1522848851105
0900700014039	1319.67339581679
0900700013651	2383.7269772249083
0900700013666	3513.2314590640576
0900700013702	3476.0197797475553
0900700013967	0
0900700013986	9576.043064902251
0900700014043	1319.67339581679
0900700014058	4951.29751397084
0900700014448	3185.071977726597
090070001383A	1515.100284842689
0900700014077	2603.8950241480798
0900700014768	5141.432886855235
0900700014838	470.5043510944481
0900700014857	5512.028044566228
0900700014861	5631.322417360644
0900700014772	9345.869569423028
0900700015018	3532.5796222934437
0900700014876	3081.8395740387978
0900700014895	2608.5245651109526
0900700014908	2730.229561912085
0900700014880	489.47380552483
0900700014946	2183.7738815743464
0900700014965	4789.397697072164
090070001497A	4940.748161064764
0900700014984	4048.466750531658
0900700011104	1760.9817180733553
0900700011123	393.72816855043106
0900700014503	3108.2546202735152
0900700015304	1866.530801542675
0900700015319	3081.8395740387978
0900700015465	4901.231019713241
0900700015569	2933.414392712634
0900700015573	2176.0443267937594
0900700015588	2176.0443267937594
0900700015639	1063.4231951082936
0900700015643	2525.443901047565
0900700015662	3716.750289194807
0900700015677	3010.1248342690883
0900700015751	2836.3224104163314
0900700015817	3080.288863344208
090070001586A	3905.2425677062433
0900700015821	3662.4401493246783
0900700015836	3662.4401493246783
0900700015840	3626.4420329162963
0900700014715	2530.3151398836512
0900700011301	1833.472475922165
0900700011091	1895.6758812477915
0900700011246	338.163597537657
0900700011369	2395.192974554918
0900700012691	1163.8572236240832
0900700011636	1823.364959717853
090070001465A	6620.322172738066
0900700011640	1980.5290949815326
0900700011655	899.3932187063085
090070001166A	753.6828928049874
0900700011674	1336.0642597730375
0900700011689	1130.6142849246328
0900700011693	136.58206770488852
0900700011706	14.1048444453068
0900700011710	678.0290390665037
0900700011763	952.9101638110183
0900700011960	3546.6931876474373
0900700011975	1906.1716441423578
0900700010657	3527.9427809186286
090070001198A	791.320088574753
0900700014560	1238.082425225272
090070001287A	5278.69358326716
0900700012884	3959.02018745037
0900700012899	410.5539915274776
0900700014452	4162.009039362991
0900700012920	1957.89522209932
0900700012935	1957.89522209932
090070001294A	2650.141632459693
0900700012954	2246.6952447500985
0900700012973	2646.8877401887253
0900700013030	4393.97126279807
0900700015855	7004.7483265389865
0900700011138	1852.3728342440681
0900700011142	4729.383877161972
0900700011157	3847.08281240211
0900700011208	1487.2353745778391
0900700011250	1173.9128577881042
0900700011509	1105.7663642412267
0900700010233	1880.202613664155
0900700011513	507.362569126149
090070001159A	735.0524889990912
0900700011566	1849.6308948054498
0900700011621	2313.6644729535797
0900700015906	3843.169724179834
0900700014429	5143.7463668929295
0900700015056	7215.166988705665
0900700014556	7746.424270612295
0900700015802	3080.288863344208
0900700011814	2599.391321364141
0900700011890	1650.372216870885
0900700011918	4784.779971500425
0900700011848	3076.667095995536
0900700012140	3584.601818130977
0900700012155	3471.1704354265403
090070001216A	869.7158278415834
0900700012460	679.4254910466227
0900700012475	650.0888970852784
0900700012494	2316.2754651108544
0900700012507	2316.2754651108544
0900700012530	722.9111336048057
0900700012545	751.5801828698974
0900700012757	1584.1764473466574
0900700014062	2764.776110380942
0900700011994	0
0900700012047	973.022421008698
0900700012070	3394.630760080267
0900700012085	3235.373422587112
090070001209A	3193.339360386081
0900700012102	1964.076624730637
0900700015484	2498.1375773637383
0900700010074	1558.453259752112
090070001376A	1128.620467275656
0900700014537	3179.659368810176
0900700010360	2164.2522056050298
0900700014541	3626.4420329162963
0900700012117	4972.71250363343
0900700013717	3476.0197797475553
0900700010943	951.6243833909043
0900700010591	6243.856595226761
0900700011335	2077.004836784225
0900700011496	1593.1492828438102
0900700013026	5141.432886855235
0900700014594	2498.1375773637383
0900700014645	5494.220074863836
0900700014683	7600.176167527251
0900700010962	1364.983361143632
0900700010784	1350.3267403834616
0900700010816	3281.232756963369
0900700010820	2660.630168720536
0900700010835	2656.0464289246606
090070001084A	2559.0186424698063
0900700010854	1904.7679838659155
0900700011284	9.11080613113933
090070001141A	338.163597537657
0900700011424	0
0900700011439	1060.067343026802
0900700012687	1284.8223720565977
0900700012704	1224.979610325463
0900700012719	2646.8877401887253
0900700012776	695.8570359550231
0900700012780	2274.3756555835257
0900700011443	910.2888752951205
0900700012808	1987.0881563511489
0900700012812	1378.4623509405342
0900700012846	1533.8239015762758
0900700012850	2901.5594768592427
0900700014679	5430.078128763714
0900700013153	66.9677773586887
0900700013204	2019.0576131811763
0900700013219	4376.410742283382
0900700013223	2019.0576131811763
0900700013238	2933.414392712634
0900700013257	2603.8950241480798
0900700013276	2933.414392712634
090070001351A	3224.0011898112502
0900700013558	1572.2582826559542
0900700014081	2603.8950241480798
0900700014170	3169.376934538838
0900700014185	2071.199677773768
090070001419A	8597.656389939286
0900700014202	9435.267132721456
090070001426A	3722.1873356494866
090070001508A	5337.111581608506
0900700015094	1783.1965099082631
0900700015111	4075.257049897629
0900700015450	3881.1841725060003
0900700015431	1094.4861694769886
0900700015446	1723.0223903435474
090070001547A	1207.6939649912679
090070001038A	389.37312183484863
0900700010604	4887.537022926271
090070001091A	2796.9581303423724
0900700010977	323.944040221263
090070001390A	2003.17349088613
0900700013914	2502.867214298721
0900700014927	813.4355091928367
0900700015785	1675.3895470042607
090070001305A	2019.0576131811763
0900700014804	10960.505626088212
0900700010905	3412.400140584815
090070001262A	1986.7081752202248
0900700012634	2481.0633471179826
0900700012649	2278.1392413717886
0900700014611	3371.3645063344434
0900700013562	2643.279990016921
0900700015412	5864.168469844835
090070001593A	4795.36037451927
0900700015376	2988.365183348972
0900700014293	2790.5580866635933
0900700012206	3545.120918546556
0900700012193	3362.821188081212
0900700015874	6784.688177229259
0900700012437	4084.686284668556
0900700012441	4073.758556463222
0900700011316	1355.1066615735028
0900700010040	2798.76076001849
090070001013A	1068.818077882713
0900700010197	4336.755048163299
0900700010248	779.226629876056
0900700010407	2550.8681758551647
0900700010411	2930.6066821667905
0900700010426	4137.040046343412
0900700015747	2058.720264549829
090070001554A	4773.241889538767
0900700010750	2316.413494900742
090070001077A	1454.7129080385234
0900700013149	2196.458060983351
0900700013365	195.5739942229455
090070001337A	2861.1373252987605
0900700013401	5474.946651124024
0900700014433	3537.8411818497257
0900700013488	3073.1437898836843
0900700013505	3917.212148034178
0900700014306	3056.879842154048
0900700014310	3917.212148034178
090070001433A	2849.836877010498
0900700014382	5414.113155612987
0900700014414	3169.6885870693604
0900700014664	3244.65402611958
0900700015041	481.2933733235958
0900700015060	5141.432886855235
0900700015323	2646.8877401887253
0900700015342	2603.8950241480798
0900700012738	1084.0776415092037
0900700011759	976.1955501051787
0900700015287	2824.783131166558
0900700013806	2312.4631472859955
0900700014471	4898.766303715114
0900700011477	21.391794825096632
0900700011299	1962.3748516144983
0900700013242	1468.4214165744902
0900700013346	10848.14259352944
0900700015658	5494.220074863836
0900700015605	3819.671269511094
0900700013596	1783.9543206398353
0900700015183	2286.0940405979363
0900700014749	8752.099578853775
0900700012051	2071.199677773768
0900700013327	10727.54991762633
0900700015130	3843.169724179834
0900700014151	2560.108797446083
0900700010445	3281.8733338663255
0900700015253	3100.5804522902336
0900700010464	3100.5804522902336
0900700010252	0
0900700010144	779.226629876056
0900700010036	2237.556923094019
0900700012511	3347.6793274157567
0900700012526	2448.4697749320626
0900700014344	1917.859826169427
0900700014734	2037.975926184502
0900700011049	1362.9766430330578
090070001472A	1184.4918405905014
0900700015395	26835.121500999085
0900700011481	1962.3748516144983
0900700013581	2099.147258218849
0900700014113	345.757754422656
0900700014522	2286.0940405979363
0900700014698	1247.101287469669
0900700015179	1470.2935644740683
0900700015198	2187.100441969761
090070001515A	1531.788890674634
0900700015126	3639.6317171886353
0900700015268	3145.8737914931908
0900700015200	1340.5501697676032
0900700010356	2836.936958671843
0900700011778	2148.1807776528894
0900700013825	5973.846008391336
0900700011265	1806.7965990212583
0900700011053	9.11080613113933
090070001127A	592.6789409841524
0900700015624	2859.6143812833293
090070001401A	5973.846008391336
0900700011833	2762.5000472232573
0900700014109	5631.322417360644
0900700014096	5162.195118650784
0900700013859	3198.4982955466994
0900700013863	719.942564251494
0900700015499	19880.11306940472
0900700014791	2411.97345790599
0900700014912	1029.901007811251
0900700015145	3335.7027237032044
0900700015535	3483.8320056425755
0900700011388	2684.574358974588
0900700014024	7194.3069620931165
0900700015501	26835.121500999085
0900700015516	26835.121500999085
0900700015520	21271.114755723596
0900700013045	6784.917197300809
0900700013295	6784.917197300809
0900700015357	3757.185759240957
0900700015361	2649.046168190088
0900700011585	10543.988250051862
0900700013990	10800.425633053046
0900700015709	1656.8180477557341
0900700015215	6189.557299817148
0900700014931	719.8987516260364
0900700012579	694.889919346076
0900700012600	734.1525010833185
0900700014240	5337.111581608506
0900700015075	5162.195118650784
0900700010055	3737.553408903411
0900700010106	3737.553408903411
0900700010110	5240.314074064061
0900700010731	2400.3311489847815
0900700013577	2578.525733000542
090070001255A	3558.925971827234
0900700013774	991.5294546806019
0900700013971	2177.1037825897038
0900700010286	3079.9577094044594
0900700010290	3595.2454747184315
0900700010303	4062.7252012558524
0900700013740	707.2584651526371
0900700011227	208.167766506206
0900700014236	17098.109696766987
0900700015732	12925.104637810382
0900700015380	15707.108010448119
0900700013755	2288.4632237643787
0900700013793	1658.0296935314796
0900700012672	8350.268477605856
0900700015728	12925.104637810382
0900700010746	1535.2103687837975
0900700015713	8547.526561598821
090070001522A	8441.265860027617
0900700015592	3259.196829603282
0900700013670	3279.342816926082
0900700014166	1310.6535205012988
0900700014217	10143.101265172643
0900700012988	11467.998128581561
0900700015893	10062.55315899829
0900700015889	9858.24110712742
0900700013810	3079.235446841126
0900700014467	3798.926973825284
0900700010534	2812.8942449508736
0900700015272	2611.3667763992003
0900700013647	3602.0481652321178
0900700012653	2618.1346706935046
0900700012668	2561.3688153024495
0900700012901	1233.2732368137742
0900700014999	147.9788102248753
0900700015003	1513.634310816724
0900700013064	5589.444230049439
0900700013079	6784.917197300809
0900700012723	1663.750405783089
0900700012564	1752.3177875934377
0900700012615	1192.420746928307
0900700012969	1869.1045727703452
0900700013721	3007.3510199228585
0900700011034	1382.6595295282232
090110471	1842.3089585945581
090101326	14027.17346646244
090090539	10960.508697078089
090090524	9351.789405918662
090090115	8611.895006147719
090090100	5046.563988460227
090080368	8459.050250075641
090040157	8496.269076926279
090130902	7164.920780796189
090130635	9795.871217788996
090130620	10016.81208009649
090121829	13056.009053118307
090121250	27914.083142482417
090121246	7279.105347052522
090121231	16931.518886867747
090121227	10789.577049225274
090131281	9675.657021209881
090111198	8376.795282572233
090111179	2575.169059045278
090111107	9291.122717557839
090110838	2434.789299093599
090040335	5872.260300052145
