CVEGEO	pop
0900200010010	3183
0900200010025	5593
090020001003A	4235
0900200010044	4768
0900200010097	2176
090020001010A	3346
0900200010114	9866
0900200010129	5703
0900200010133	7288
0900200010148	2513
0900200010167	3049
0900200010171	2313
0900200010186	11139
0900200010190	8920
0900200010203	5495
0900200010218	4162
0900200010222	7064
0900200010237	7093
0900200010256	4894
0900200010260	5027
0900200010275	7063
090020001028A	3133
0900200010294	6122
0900200010307	5718
0900200010311	3817
0900200010326	8373
0900200010330	2352
0900200010345	4283
090020001035A	6325
0900200010364	3407
0900200010379	4525
0900200010383	4040
0900200010398	4230
0900200010400	3953
0900200010415	4165
0900200010434	2831
0900200010449	2939
0900200010468	4552
0900200010472	6574
0900200010487	4207
0900200010491	6312
0900200010504	4754
0900200010519	2409
0900200010542	6915
0900200010557	4475
0900200010561	3454
0900200010576	3168
0900200010580	4220
0900200010595	5116
0900200010608	5135
0900200010612	4333
0900200010627	4912
0900200010631	5263
0900200010650	6499
0900200010665	7747
090020001067A	6226
0900200010684	3991
0900200010699	2696
0900200010701	2400
0900200010716	3775
0900200010720	2653
090020001074A	2850
0900200010754	2282
0900200010769	9195
0900200010773	2314
0900200010788	2450
0900200010792	4954
0900200010805	1996
090020001081A	3761
0900200010824	3028
0900200010839	3004
0900200010843	3643
0900200010858	4395
0900200010877	821
0900200010881	5207
0900200010896	1532
0900200010909	1810
0900200010913	3311
0900200010928	1841
0900200010932	408
0900200010947	4456
0900200010966	2047
0900200010970	2953
0900200010985	2334
090020001099A	1337
0900200011004	7559
0900200011019	1689
0900200011023	7644
0900200011038	7053
0900200011042	5802
0900200011057	2418
0900200011061	1719
0900200011076	1
0900200011080	5000
0900200011095	7035
0900200011112	4239
0900200011127	2837
0900200011131	2543
0900200011146	927
0900200011150	3486
0900200011165	400
090020001117A	1602
0900200011184	1433
0900300010018	1658
0900300010022	1569
0900300010037	1428
0900300010041	3006
0900300010056	3895
0900300010060	4299
0900300010075	2825
090030001008A	2297
0900300010094	3531
0900300010107	6992
0900300010111	1380
0900300010126	1803
0900300010130	2171
0900300010145	2090
090030001015A	5065
0900300010164	2900
0900300010179	2198
0900300010183	2789
0900300010198	1649
0900300010200	5523
0900300010215	6100
090030001022A	8705
0900300010234	710
0900300010249	740
0900300010268	1305
0900300010272	3327
0900300010287	8213
0900300010291	4212
0900300010304	1968
0900300010319	2494
0900300010323	2398
0900300010342	3376
0900300010357	4074
0900300010361	1977
0900300010376	1268
0900300010380	2851
0900300010395	2301
0900300010408	1576
0900300010412	3853
0900300010427	2116
0900300010431	5344
0900300010446	5501
0900300010450	6576
0900300010465	1476
0900300010484	1003
0900300010499	2502
0900300010501	3477
0900300010516	1436
0900300010520	2615
0900300010535	7676
090030001054A	784
0900300010554	4591
0900300010573	12827
0900300010588	1779
0900300010605	3621
090030001061A	10554
0900300010624	9838
0900300010639	12525
0900300010643	8559
0900300010658	10461
0900300010662	5469
0900300010677	8113
0900300010681	4561
0900300010696	2382
0900300010709	3117
0900300010713	4685
0900300010728	3836
0900300010770	326
0900300010785	11640
090030001079A	9058
0900300010802	13042
0900300010817	10152
0900300010821	5221
0900300010836	6381
0900300010840	6633
0900300010855	2696
090030001086A	2670
0900300010889	2647
0900300010893	1749
0900300010906	3324
090030001093A	1211
0900300010959	4224
0900300010963	6516
0900300010978	8080
0900300010982	6525
0900300010997	9422
0900300011001	6521
0900300011016	6606
0900300011020	4471
0900300011069	1633
0900300011073	1616
0900300011092	5787
0900300011105	2795
0900300011124	5743
0900300011139	691
0900300011143	540
0900300011158	8986
0900300011162	14061
0900300011181	4132
0900300011213	5772
0900300011228	2280
0900300011232	3022
0900300011247	5019
0900300011251	2321
0900300011266	2811
0900300011270	4167
0900300011285	3625
090030001129A	3454
0900300011302	1973
0900300011317	2754
0900300011321	3755
0900300011336	2908
0900300011340	2546
0900300011355	2461
090030001136A	2243
0900300011374	2494
0900300011389	3600
0900300011393	2828
0900300011406	3216
0900300011410	4242
0900300011425	6786
090030001143A	2877
0900300011444	2651
0900300011459	2436
0900300011463	2844
0900300011478	3845
0900300011482	4758
0900300011497	5249
090030001150A	4541
0900300011514	5908
0900300011529	5698
0900300011533	22
0900300011548	1494
0900300011552	1688
0900300011567	1682
0900300011571	2055
0900300011586	386
0900300011590	1941
0900300011618	1151
0900300011622	2498
0900300011637	2821
0900300011641	2483
0900300011656	3244
0900300011660	3328
0900300011675	3996
090030001168A	1544
0900300011694	1542
0900300011707	5005
0900300011726	2983
0900300011730	645
0900300011745	3535
090030001175A	3635
0900300011764	2890
0900300011779	1832
0900300011783	3170
0900300011798	754
090040001002A	4726
0900400010049	4304
0900400010053	6459
0900400010072	2849
0900400010091	11767
0900400010104	7179
0900400010119	6497
0900400010123	6200
0900400010138	7681
0900400010176	9292
0900400010180	6474
0900400010195	10984
0900400010208	7474
0900400010212	4941
0900400010227	8867
0900400010231	7804
0900400010250	4220
090040001027A	4578
0900400010299	10533
0900400010301	4195
0900400010320	2945
090040001034A	3494
0900400010354	6409
0900400010369	14609
0900400010373	14170
0900400010392	599
0900400010405	4253
090040001041A	3190
0900400200246	9541
0900400200316	15087
0900400200388	1414
0900500010012	4355
0900500010027	5631
0900500010050	10026
0900500010084	3396
0900500010099	4342
0900500010101	5213
0900500010135	4716
090050001014A	4456
0900500010154	8184
0900500010169	7933
0900500010173	4482
0900500010188	4422
0900500010192	5552
0900500010205	6337
0900500010224	3017
0900500010243	7379
0900500010258	4738
0900500010262	4022
0900500010277	3195
0900500010281	2782
0900500010296	2757
0900500010309	2212
0900500010313	3640
0900500010328	1639
0900500010332	5616
0900500010351	4655
0900500010366	11779
0900500010370	3064
0900500010385	6250
090050001039A	5682
0900500010402	5809
0900500010417	5194
0900500010421	3669
0900500010436	4302
0900500010440	5028
0900500010455	4073
0900500010474	4984
0900500010489	4331
0900500010493	2523
0900500010506	3021
0900500010510	812
0900500010525	1550
0900500010559	2660
0900500010563	3592
0900500010582	3163
0900500010597	4646
090050001060A	1820
0900500010614	747
0900500010629	699
0900500010633	2691
0900500010667	5490
0900500010671	5776
0900500010703	7776
0900500010718	0
0900500010722	3178
0900500010737	2901
0900500010741	2303
0900500010756	157
0900500010760	2709
0900500010775	2175
090050001078A	2384
0900500010794	2712
0900500010807	1554
0900500010811	4407
0900500010826	3830
0900500010830	4501
0900500010845	7846
090050001085A	4357
0900500010864	5592
0900500010879	1856
0900500010883	766
0900500010898	1533
0900500010900	1915
0900500010915	1933
090050001092A	2904
0900500010934	2566
0900500010949	1842
0900500010953	1247
0900500010968	1798
0900500010972	2989
0900500010987	2773
0900500010991	5676
0900500011006	4733
0900500011025	7872
090050001103A	4250
0900500011044	6184
0900500011059	3949
0900500011063	2382
0900500011078	0
0900500011082	2822
0900500011097	2433
090050001110A	3057
0900500011114	2112
0900500011129	1745
0900500011133	6118
0900500011148	4353
0900500011152	3678
0900500011167	5776
0900500011171	6810
0900500011186	6233
0900500011190	4698
0900500011203	3360
0900500011218	3646
0900500011222	3836
0900500011237	2770
0900500011241	61
0900500011256	1121
0900500011260	2382
0900500011275	2985
090050001128A	7970
0900500011294	7001
0900500011307	13176
0900500011311	2212
0900500011326	2602
0900500011330	5138
0900500011345	6216
090050001135A	6197
0900500011364	4742
0900500011379	5453
0900500011383	4092
0900500011398	3003
0900500011400	4437
0900500011415	3347
090050001142A	2240
0900500011434	1729
0900500011449	2830
0900500011453	4315
0900500011468	3220
0900500011472	2827
0900500011487	2732
0900500011504	1035
0900500011523	5471
0900500011538	4658
0900500011542	5144
0900500011557	3663
0900500011561	4128
0900500011576	4358
0900500011580	3199
0900500011595	3490
0900500011608	2467
0900500011612	2463
0900500011627	637
0900500011631	4100
0900500011646	7
0900500011650	7789
0900500011665	4977
090050001167A	7456
0900500011684	4341
0900500011699	3550
0900500011701	3544
0900500011716	3589
0900500011720	3006
0900500011735	5876
090050001174A	5034
0900500011754	5282
0900500011769	5556
0900500011773	4611
0900500011788	3082
0900500011792	2749
0900500011805	3937
090050001181A	3787
0900500011824	3291
0900500011839	4354
0900500011843	3934
0900500011858	2052
0900500011862	3806
0900500011877	2646
0900500011881	2455
0900500011896	4486
0900500011909	6163
0900500011913	6882
0900500011928	14
0900500011932	3949
0900500011951	2954
0900500011970	5898
0900500011985	6515
090050001199A	4250
0900500012004	2711
0900500012019	4307
0900500012023	4433
0900500012038	3222
0900500012042	3604
0900500012057	2694
0900500012061	3153
0900500012076	2946
0900500012080	2148
0900500012095	4036
0900500012108	3677
0900500012112	384
0900500012127	6630
0900500012131	4822
0900500012146	2810
0900500012150	3106
0900500012165	1009
090050001217A	4413
0900500012184	2870
0900500012199	3485
0900500012201	4422
0900500012216	3197
0900500012220	5296
0900500012235	3997
090050001224A	3517
0900500012254	3267
0900500012269	2773
0900500012273	5032
0900500012288	7055
0900500012292	4245
0900500012305	3614
090050001231A	3306
0900500012324	2997
0900500012339	751
0900500012343	3588
0900500012358	1767
0900500012362	2422
0900500012377	2986
0900500012381	2918
0900500012396	3449
0900500012409	3728
0900500012428	2407
0900500012432	2660
0900500012447	2642
0900500012451	3246
0900500012466	3163
0900500012470	5374
0900500012485	6176
0900500012536	1867
0900500012574	3313
0900500012593	5726
0900500012606	3240
0900500012610	7326
0900500012625	7116
090050001263A	2465
0900500012644	2242
0900500012659	2132
0900500012663	2595
0900500012678	2434
0900500012682	5028
0900500012697	2999
090050001270A	2602
0900500012714	2630
0900500012729	4496
0900500012733	3894
0900500012748	3855
0900500012752	4278
0900500012767	5406
0900500012771	5099
0900500012786	2091
0900500012790	3663
0900500012803	4272
0900500012822	3802
0900500012837	3315
0900500012841	2417
0900500012856	4890
0900500012860	4900
0900500012875	2195
090050001288A	1702
0900500012894	2140
0900500012907	5111
0900500012930	4364
0900500012945	4598
090050001295A	4267
0900500012964	4888
0900500012979	5544
0900500012983	3377
0900500012998	4749
0900500013017	1925
0900500013055	2876
090050001306A	2899
0900500013074	2060
0900500013089	8133
0900500013093	12036
0900500013110	1574
0900500013125	3029
090050001313A	1484
0900500013144	4023
0900500013159	4982
0900500013163	1911
0900500013178	1870
0900500013182	2221
0900500013197	5244
090050001320A	1993
0900500013214	5814
0900500013229	3544
0900500013233	6414
0900500013248	5663
0900500013252	6248
0900500013267	3857
0900500013271	4264
0900500013286	3236
0900500013290	4654
0900500013303	1861
0900500013318	4304
0900500013322	4420
0900500013337	3043
0900500013341	2343
0900500013356	1096
0900500013360	4725
0900500013375	1196
090050001338A	2997
0900500013394	2891
0900500013407	8413
0900500013411	5806
0900500013426	2443
0900500013430	4345
0900500013445	4319
090060001001A	6014
0900600010024	5155
0900600010039	4548
0900600010043	5255
0900600010058	3919
0900600010077	4527
0900600010081	7404
0900600010096	8297
0900600010109	6369
0900600010128	5499
0900600010132	4303
0900600010147	0
0900600010151	0
0900600010166	2473
0900600010170	2014
0900600010185	10395
090060001019A	2185
0900600010202	5819
0900600010217	7652
0900600010221	6103
0900600010236	4221
0900600010240	2790
0900600010255	7139
090060001026A	3997
0900600010274	4869
0900600010289	1038
0900600010293	5556
0900600010310	9912
0900600010325	4283
090060001033A	4787
0900600010344	3910
0900600010359	6468
0900600010363	5344
0900600010378	2360
0900600010382	2840
0900600010397	7901
0900600010414	3190
0900600010429	2593
0900600010433	2737
0900600010448	2579
0900600010452	1986
0900600010467	20
0900600010471	3513
0900600010486	1631
0900600010490	3843
0900600010503	4722
0900600010518	5337
0900600010522	3376
0900600010537	4131
0900600010541	3564
0900600010556	4808
0900600010575	6876
090060001058A	4801
0900600010594	2900
0900600010607	7114
0900600010611	5465
0900600010626	1985
0900600010630	2680
0900600010645	2127
090060001065A	2015
0900600010664	3851
0900600010679	2575
0900600010683	4346
0900600010698	3033
0900600010700	3686
0900600010715	2275
090060001072A	2520
0900600010734	2950
0900600010749	2692
0900600010753	2113
0900600010768	2016
0900600010772	1971
0900600010787	4868
0900600010791	1795
0900600010804	4824
0900600010823	3361
0900600010838	2924
0900600010842	2068
0900600010876	1859
0900600010880	1783
0900600010895	2428
0900600010908	1288
0900600010927	2727
0900600010931	2852
0900600010946	2334
0900600010950	2296
0900600010965	1629
090060001097A	1528
0900600010984	1628
0900600010999	928
0900600011003	2550
0900600011018	2119
0900600011022	2024
0900600011037	2212
0900600011041	4529
0900600011056	4258
0900600011060	3704
0900600011075	2887
090060001108A	4564
0900600011094	4236
0900600011107	4414
0900600011111	1413
0900600011126	5768
0900600011130	3560
090060001115A	2063
0900600011164	915
0900600011179	8203
0900600011183	2241
0900600011198	2099
0900600011200	4449
0900700010017	5868
0900700010021	7518
0900700010036	10273
0900700010040	3860
0900700010055	3701
090070001006A	2957
0900700010074	2480
0900700010089	2144
0900700010093	1677
0900700010106	1524
0900700010110	1932
090070001013A	2880
0900700010144	1855
0900700010178	2948
0900700010182	2946
0900700010197	2762
0900700010214	6202
0900700010229	0
0900700010233	1933
0900700010248	1549
0900700010252	3188
0900700010271	4150
0900700010286	2480
0900700010290	1588
0900700010303	1103
0900700010318	3528
0900700010322	4540
0900700010337	5329
0900700010356	5122
0900700010360	5255
0900700010375	6884
090070001038A	5123
0900700010407	6972
0900700010411	4975
0900700010426	8211
0900700010445	3848
0900700010464	4863
0900700010479	4554
0900700010483	6782
0900700010498	5441
0900700010500	6227
0900700010515	7149
0900700010534	4645
0900700010553	5795
0900700010568	5839
0900700010572	5325
0900700010587	2637
0900700010591	3807
0900700010604	3653
0900700010619	5610
0900700010623	5433
0900700010638	4162
0900700010642	2515
0900700010657	1916
0900700010676	2699
0900700010680	3125
0900700010695	3633
0900700010708	4420
0900700010727	2181
0900700010731	11610
0900700010746	7993
0900700010750	9308
0900700010765	3454
090070001077A	4047
0900700010784	6393
0900700010801	3649
0900700010816	1207
0900700010820	1112
0900700010835	6828
090070001084A	7352
0900700010854	3289
0900700010888	4544
0900700010892	2220
0900700010905	2580
090070001091A	1444
0900700010924	3759
0900700010939	4294
0900700010943	3439
0900700010958	5599
0900700010962	8084
0900700010977	7001
0900700010981	6435
0900700011000	5229
0900700011015	6358
0900700011034	6566
0900700011049	4690
0900700011053	7253
0900700011087	5902
0900700011091	4232
0900700011104	6367
0900700011123	3739
0900700011138	4768
0900700011142	3200
0900700011157	2662
0900700011176	2180
0900700011180	2051
0900700011195	3664
0900700011208	991
0900700011227	5183
0900700011246	4327
0900700011250	3051
0900700011265	3915
090070001127A	2174
0900700011284	1379
0900700011299	3461
0900700011301	4045
0900700011316	3355
0900700011335	0
090070001134A	4839
0900700011354	5489
0900700011369	6296
0900700011388	5484
090070001141A	4046
0900700011424	2881
0900700011439	2585
0900700011443	1973
0900700011458	1726
0900700011462	2160
0900700011477	2157
0900700011481	2435
0900700011496	2524
0900700011509	4535
0900700011513	5064
0900700011566	9689
0900700011585	0
090070001159A	6649
0900700011621	4393
0900700011636	2883
0900700011640	4166
0900700011655	2448
090070001166A	3498
0900700011674	3237
0900700011689	2788
0900700011693	2012
0900700011706	7319
0900700011710	7600
0900700011759	3567
0900700011763	6474
0900700011778	6931
0900700011814	3694
0900700011833	3848
0900700011848	3531
0900700011852	5424
0900700011867	11278
0900700011890	5546
0900700011918	4953
0900700011941	4248
0900700011960	3765
0900700011975	3499
090070001198A	6035
0900700011994	13946
0900700012047	9950
0900700012051	11206
0900700012070	4041
0900700012085	5799
090070001209A	3734
0900700012102	3577
0900700012117	3108
0900700012121	146
0900700012140	7841
0900700012155	3769
090070001216A	3673
0900700012174	2349
0900700012189	2349
0900700012193	2575
0900700012206	1638
0900700012371	1682
0900700012386	3610
0900700012390	3965
0900700012403	293
0900700012437	5076
0900700012441	4457
0900700012456	4606
0900700012460	4473
0900700012475	68
0900700012494	1941
0900700012507	2181
0900700012511	996
0900700012526	1056
0900700012530	10096
0900700012545	6946
090070001255A	4901
0900700012564	6800
0900700012579	4417
0900700012600	4667
0900700012615	7690
090070001262A	5432
0900700012634	4200
0900700012649	4309
0900700012653	3427
0900700012668	3460
0900700012672	1034
0900700012687	4656
0900700012691	7217
0900700012704	5016
0900700012719	4678
0900700012723	3252
0900700012738	6698
0900700012757	5483
0900700012776	7954
0900700012780	6872
0900700012795	4830
0900700012808	4320
0900700012812	3581
0900700012831	4795
0900700012846	4936
0900700012850	3639
090070001287A	2859
0900700012884	3464
0900700012899	6559
0900700012901	7668
0900700012920	5442
0900700012935	5663
090070001294A	3012
0900700012954	1974
0900700012969	2472
0900700012973	3752
0900700012988	7510
0900700013026	2493
0900700013030	5682
0900700013045	6787
090070001305A	6494
0900700013064	7629
0900700013079	6741
0900700013083	5621
0900700013100	5076
0900700013115	5980
0900700013134	1927
0900700013149	3862
0900700013153	3560
0900700013204	6595
0900700013219	7613
0900700013223	7231
0900700013238	6000
0900700013242	8092
0900700013257	4049
0900700013276	6422
0900700013295	5190
0900700013327	7178
0900700013346	6680
0900700013365	2467
090070001337A	7522
0900700013401	7248
0900700013420	4302
0900700013488	4965
0900700013492	5625
0900700013505	5709
090070001351A	5705
0900700013539	4545
0900700013558	1463
0900700013562	1809
0900700013577	2169
0900700013581	3942
0900700013596	4594
0900700013613	1441
0900700013628	1158
0900700013632	6682
0900700013647	2443
0900700013651	2692
0900700013666	1770
0900700013670	4143
090070001369A	2858
0900700013702	2668
0900700013717	2261
0900700013721	4549
0900700013740	4482
0900700013755	3456
090070001376A	1613
0900700013774	3474
0900700013789	3719
0900700013793	4417
0900700013806	2080
0900700013810	5245
0900700013825	3400
090070001383A	3575
0900700013844	1550
0900700013859	2090
0900700013863	4153
0900700013897	3937
090070001390A	4006
0900700013914	5355
0900700013967	3638
0900700013971	4809
0900700013986	2232
0900700013990	3618
090070001401A	2883
0900700014024	8391
0900700014039	5385
0900700014043	4417
0900700014058	3227
0900700014062	2990
0900700014077	4751
0900700014081	5245
0900700014096	6341
0900700014109	7678
0900700014113	2033
0900700014128	1861
0900700014147	508
0900700014151	1449
0900700014166	2650
0900700014170	4478
0900700014185	3902
090070001419A	3319
0900700014202	3513
0900700014217	3246
0900700014236	8000
0900700014240	5046
090070001426A	5157
0900700014274	6175
0900700014289	3047
0900700014293	5256
0900700014306	1814
0900700014310	2911
0900700014325	1681
090070001433A	4019
0900700014344	2790
0900700014359	2616
0900700014363	6175
0900700014382	2196
0900700014397	1640
090070001440A	1408
0900700014414	8028
0900700014429	2049
0900700014433	3751
0900700014448	2475
0900700014452	1960
0900700014467	2193
0900700014471	2274
0900700014503	4051
0900700014522	749
0900700014537	829
0900700014541	1011
0900700014556	1063
0900700014560	969
0900700014575	528
0900700014594	1164
0900700014611	751
0900700014645	1184
090070001465A	2794
0900700014664	3439
0900700014679	440
0900700014683	2771
0900700014698	3320
0900700014715	32
090070001472A	5525
0900700014734	11587
0900700014749	6128
0900700014768	3740
0900700014772	4280
0900700014791	2135
0900700014804	2676
0900700014838	1560
0900700014842	1895
0900700014857	5508
0900700014861	3584
0900700014876	5532
0900700014880	5581
0900700014895	3426
0900700014908	5488
0900700014912	6803
0900700014927	6812
0900700014931	5485
0900700014946	5350
0900700014965	4114
090070001497A	1927
0900700014984	4002
0900700014999	3431
0900700015003	3643
0900700015018	2989
0900700015037	2646
0900700015041	3291
0900700015056	806
0900700015060	5931
0900700015075	3792
090070001508A	3945
0900700015094	1516
0900700015107	4853
0900700015111	7653
0900700015126	4853
0900700015130	2592
0900700015145	4478
090070001515A	1634
0900700015179	1573
0900700015183	3932
0900700015198	5541
0900700015200	4699
0900700015215	5858
090070001522A	2314
0900700015249	3208
0900700015253	4458
0900700015268	5103
0900700015272	3347
0900700015287	2360
0900700015291	3411
0900700015304	5300
0900700015319	3414
0900700015323	3240
0900700015338	6974
0900700015342	5210
0900700015357	3042
0900700015361	2123
0900700015376	961
0900700015380	8787
0900700015395	3565
0900700015408	2285
0900700015412	2677
0900700015427	4283
0900700015431	2463
0900700015446	4124
0900700015450	3458
0900700015465	1777
090070001547A	3413
0900700015484	4151
0900700015499	4474
0900700015501	6014
0900700015516	4913
0900700015520	3557
0900700015535	4112
090070001554A	2658
0900700015554	2894
0900700015569	4114
0900700015573	3451
0900700015588	4157
0900700015592	1833
0900700015605	4180
090070001561A	1261
0900700015624	3644
0900700015639	1737
0900700015643	836
0900700015658	7959
0900700015662	2312
0900700015677	5416
0900700015681	6838
0900700015696	1765
0900700015709	2911
0900700015713	3338
0900700015728	1591
0900700015732	2692
0900700015747	1979
0900700015751	1984
0900700015766	2047
0900700015770	1531
0900700015785	500
090070001579A	364
0900700015802	463
0900700015817	504
0900700015821	468
0900700015836	492
0900700015840	755
0900700015855	560
090070001586A	2523
0900700015874	1628
0900700015889	2195
0900700015893	5778
0900700015906	3780
0900700015910	3698
0900700015925	3653
090070001593A	3627
0900800010014	1704
0900800010029	1293
0900800010033	594
0900800010048	2569
0900800010052	2382
0900800010067	771
0900800010071	1074
0900800010086	3234
0900800010090	6182
0900800010103	5677
0900800010118	5588
0900800010122	1839
0900800010137	7781
0900800010141	4742
0900800010156	3779
0900800010160	4021
0900800010175	1415
090080001018A	2321
0900800010194	3249
0900800010207	5197
0900800010211	5516
0900800010226	3917
0900800010230	4286
0900800010245	2847
090080001025A	3734
0900800010264	5201
0900800010283	4642
0900800010298	2262
0900800010300	6547
0900800010315	4031
090080001032A	5394
0900800010334	2848
0900800010349	9652
0900800010353	4361
0900800010387	9890
0900800010404	8605
0900800010423	8887
0900800010438	6170
0900800010457	7657
0900800010461	9520
0900800010476	6192
0900800010495	4250
0900800010508	1233
0900800010512	8047
0900800010527	8287
0900800010531	4235
0900800010546	5931
0900800010550	6008
0900800010565	4313
090080001057A	9341
0900800010584	5314
0900800010599	1898
0900900010026	3378
0900900010308	3177
0900900010312	4448
0900900010327	2324
0900900010331	2761
0900900010492	416
0900900010505	722
0900900010562	987
0900900110401	10423
0900900110416	3231
0900900110420	7426
0900900110435	5442
090090011051A	971
0900900110543	275
090090015012A	4933
0900900170365	4952
090090017037A	3368
0900900170384	3799
0900900170399	1635
0900900170558	165
0900900240191	5998
0900900240204	4866
0900900240219	4502
0900900240577	1152
0900900240581	382
0900900240596	681
0900900240651	134
090090029044A	1588
0900900290454	1395
0900900290469	3035
0900900290473	3057
0900900290609	159
0900900330346	5875
0900900330350	9142
0900900330488	1830
0900900360223	3527
0900900360238	3357
0900900360242	4831
0900901520613	2338
0900901520628	1950
0900903000632	2109
0900903000647	1969
0901000010012	1720
0901000010027	2510
0901000010031	3440
0901000010046	5330
0901000010050	4144
0901000010065	5548
0901000010084	2608
0901000010099	3822
0901000010101	1491
0901000010116	4232
0901000010135	21198
090100001014A	4198
0901000010169	2493
0901000010173	4303
0901000010188	675
0901000010192	654
0901000010205	532
090100001021A	678
0901000010224	499
0901000010239	975
0901000010243	7522
0901000010258	734
0901000010262	451
0901000010277	456
0901000010281	237
0901000010296	2489
0901000010309	3842
0901000010313	5423
0901000010328	6914
0901000010332	4719
0901000010347	3737
0901000010351	4430
0901000010370	3343
0901000010385	3058
0901000010417	1933
0901000010421	5467
0901000010440	4748
0901000010455	3157
0901000010474	9421
0901000010489	3751
0901000010493	4638
0901000010506	2719
0901000010510	3573
0901000010525	2348
090100001053A	4574
0901000010544	2482
0901000010559	2371
0901000010563	9225
0901000010578	6964
0901000010597	3848
090100001060A	2671
0901000010614	2078
0901000010629	2510
0901000010633	1888
0901000010648	1560
0901000010667	5010
0901000010671	4314
0901000010686	2695
0901000010690	3546
0901000010703	1913
0901000010718	969
0901000010722	2280
0901000010737	621
0901000010741	3250
0901000010756	1488
0901000010760	841
0901000010775	1396
090100001078A	1113
0901000010794	757
0901000010807	1866
0901000010811	1230
0901000010826	779
0901000010830	774
0901000010845	1543
0901000010864	5942
0901000010898	2279
0901000010900	2362
0901000010915	2776
090100001092A	2553
0901000010949	1094
0901000010953	1943
0901000010968	4987
0901000010972	3219
0901000010987	1969
0901000010991	2679
0901000011006	2910
0901000011010	2582
0901000011025	681
090100001103A	1813
0901000011044	2563
0901000011059	3145
0901000011063	3028
0901000011078	5883
090100001110A	3881
0901000011114	864
0901000011129	1218
0901000011133	2203
0901000011148	5277
0901000011152	2719
0901000011171	13918
0901000011186	3320
0901000011190	3425
0901000011203	396
0901000011218	2825
0901000011222	4628
0901000011237	4443
0901000011241	5752
0901000011260	3638
0901000011275	3017
090100001128A	2309
0901000011294	3322
0901000011307	2914
0901000011330	8619
0901000011345	7215
090100001135A	6908
0901000011364	6072
0901000011379	2298
0901000011434	5554
0901000011453	4876
0901000011468	2600
0901000011472	3788
0901000011487	4629
0901000011519	4650
0901000011523	3528
0901000011542	2898
0901000011557	6638
0901000011561	3060
0901000011580	6453
0901000011595	6197
0901000011627	5748
0901000011631	4992
0901000011646	4731
0901000011650	4628
0901000011665	1940
090100001167A	8067
0901000011684	5661
0901000011699	9388
0901000011716	7042
0901000011720	4093
0901000011735	9161
090100001174A	9998
0901000011754	3230
0901000011769	9985
0901000011773	4680
0901000011788	4219
0901000011792	3160
0901000011805	3603
090100001181A	5355
0901000011824	4908
0901000011839	4896
0901000011843	8392
0901000011858	12053
0901000011881	4044
0901000011913	3983
0901000011928	2144
0901000011932	2659
0901000011947	4280
0901000011951	6009
0901000011966	3156
0901000011970	4427
0901000011985	4355
090100001199A	3207
0901000012004	0
0901000012019	3273
0901000012023	4169
0901000012038	4207
0901000012042	3847
0901000012057	3669
0901000012061	8541
0901000012076	3152
0901000012080	2501
0901000012095	5597
0901000012108	3889
0901000012112	9888
0901000012131	1859
0901000012146	2832
0901000012150	4588
0901000012165	3201
0901000012184	1979
0901000012199	4398
0901000012201	3148
0901000012216	4171
0901000012220	3537
0901000012235	2796
090100001224A	3148
0901000012254	4676
0901000012269	1809
0901000012273	80
0901000012288	5792
0901000012292	6933
0901000012305	4002
090100001231A	2927
0901000012324	2742
0901000012339	3534
0901000012343	4863
0901000012358	3083
0901000012362	2279
0901000012377	2502
0901000012381	21
090110001001A	5957
0901100010039	6748
0901100010043	5601
0901100010058	4075
0901100010077	3150
0901100010096	3480
0901100010113	2643
0901100010128	3792
0901100010132	5343
0901100010147	3155
0901100010151	1796
0901100010166	2853
0901100010170	4060
0901100010185	4384
0901100010202	3995
0901100010217	5895
0901100010240	3183
0901100010255	1754
090110001026A	2090
0901100010274	3768
0901100010289	3179
0901100010306	2664
0901100010310	3465
0901100010325	3675
0901100010344	1211
0901100010359	2251
0901100010363	2660
0901100010378	2181
0901100010382	1053
0901100010397	1728
090110001040A	1655
0901100010414	1716
0901100010433	2480
0901100010448	1599
0901100010452	9689
0901100010575	5666
0901100010594	7502
0901100010607	5135
0901100010626	3835
0901100010630	2814
0901100010645	4898
090110001065A	3703
0901100010664	6573
0901100010679	3892
0901100010753	8372
0901100010768	18
0901100010772	2516
0901100010804	183
0901100010819	2145
0901100010823	444
0901100010927	3863
0901100010931	4259
0901100010946	3676
0901100010950	7862
0901100010984	4106
0901100010999	2558
0901100011056	1877
0901100011075	2196
090110001108A	2415
0901100011094	548
0901100011111	4445
0901100011145	3396
090110001122A	3513
0901100011234	2980
0901100011249	5265
0901100011253	2582
0901100011268	4936
0901100011272	2822
0901100011287	1979
0901100011291	3091
0901100011304	1301
0901100011319	1886
0901100011323	702
0901100011338	3577
0901100011342	945
0901100011357	9088
0901100011361	4873
0901100011376	7148
0901100011380	2511
0901100011395	1799
0901100011412	3617
0901100011427	5292
0901100011431	5167
0901100011446	3561
0901100011450	3046
0901100011465	4499
090110001147A	4283
0901100011484	5241
0901100011499	6166
0901100011535	1920
090110001154A	2156
090110011072A	4723
0901100111037	4071
0901100111041	5116
0901100210787	1696
0901100210791	406
0901100211003	11218
0901100211018	3055
0901100211022	2720
090110021115A	8857
0901100211516	75
0901100240734	2619
0901100240749	306
0901100241183	1088
0901100241408	832
0901100241520	74
0901100260965	4504
090110026097A	4795
0901100261164	2209
0901100261501	136
0901101101107	3050
0901200010017	1691
0901200010021	671
0901200010040	1162
0901200010074	1813
0901200010089	0
0901200010093	1875
0901200010106	305
0901200010125	3367
090120001013A	3264
0901200010144	2232
0901200010159	3220
0901200010163	3244
0901200010178	2841
0901200010182	6006
0901200010197	1985
090120001020A	1693
0901200010214	1867
0901200010229	1868
0901200010233	3761
0901200010248	576
0901200010267	1902
0901200010303	5375
0901200010318	3591
0901200010322	4837
0901200010337	4009
0901200010341	2923
0901200010360	4479
0901200010375	1884
090120001038A	769
0901200010394	1458
0901200010407	935
0901200010411	1095
0901200010426	2154
0901200010430	2844
0901200010445	2730
090120001045A	3668
0901200010464	1353
0901200010479	681
0901200010483	3367
0901200010498	2920
0901200010500	7264
0901200010515	4311
090120001052A	3220
0901200010534	1952
0901200010549	2808
0901200010553	4048
0901200010568	3668
0901200010572	3323
0901200010587	2820
0901200010591	938
0901200010604	4628
0901200010619	3406
0901200010623	3257
0901200010638	3105
0901200010642	2514
0901200010657	1833
0901200010661	1039
0901200010676	3407
0901200010680	1570
0901200010695	142
0901200010708	4664
0901200010712	2381
0901200010727	2064
0901200010731	1730
0901200010746	1681
0901200010750	1093
0901200010765	2229
090120001077A	5418
0901200010784	3857
0901200010799	3477
0901200010801	3896
0901200010816	3627
0901200010820	3260
0901200010835	2361
090120001084A	2339
0901200010854	1138
0901200010869	4651
0901200010888	4587
0901200010892	5607
0901200010905	4546
090120001091A	3968
0901200010924	5214
0901200010939	3144
0901200010943	2352
0901200010958	1529
0901200010962	1858
0901200010977	221
0901200010981	2639
0901200010996	695
0901200011000	1790
0901200011015	1631
090120001102A	3038
0901200011034	1194
0901200011049	37
0901200011053	1405
0901200011068	2082
0901200011072	9407
0901200011087	1070
0901200011091	977
0901200011104	3069
0901200011119	4921
0901200011123	3913
0901200011142	3328
0901200011157	5346
0901200011161	5990
0901200011176	3254
0901200011195	5300
0901200011212	3550
0901200011299	5328
0901200011316	6902
0901200011369	5374
0901200011388	3739
0901200011424	4485
0901200011439	3716
0901200011443	4658
0901200011458	3878
0901200011462	11014
0901200011477	6749
0901200011481	5592
0901200011496	8186
0901200011509	5341
0901200011513	5884
0901200011547	2859
0901200011566	305
0901200011570	7052
0901200011585	1883
090120001159A	3741
0901200011602	5746
0901200011617	6711
0901200011621	5835
0901200011636	4273
0901200011640	7425
0901200011655	1380
090120001173A	1732
0901200011744	4101
0901200011759	6
0901200011890	434
0901200011903	1255
0901200011918	2803
0901200011922	1080
0901200011937	1884
0901200011941	1424
0901200011956	3097
0901200011960	2219
0901200011975	4266
090120001198A	1589
0901200011994	3188
0901200012009	7701
0901200012013	8368
0901200012047	5793
0901200012051	4700
0901200012066	3434
0901200012070	1962
0901200012085	2529
0901200012102	2730
0901200012121	13974
0901200012136	4691
0901200012140	6515
0901200012155	4856
090120001216A	3015
0901200012174	1993
0901200012189	5279
0901200012193	5723
0901200012206	4752
0901200012210	4455
0901200012225	6664
090120001223A	7153
0901200012244	2254
0901200012259	1778
0901200012263	6035
0901200012278	3299
0901200012282	5014
0901200012333	264
0901200012348	638
0901200012352	915
0901200012367	22
0901200012371	17
0901200012386	153
0901200012441	10407
0901200012456	2522
0901200192460	1532
0901200192475	1665
0901200261528	7452
0901200261532	6957
090120026166A	1406
0901200261674	6579
0901200261689	3496
0901200261693	238
0901200261706	1747
0901200261710	785
0901200262297	1773
0901200262314	71
0901200262329	357
0901200262390	65
0901200262403	2553
0901200262418	2997
0901200262437	505
090120026248A	301
0901200271763	3975
0901200271778	5838
0901200271782	6970
0901200271797	9291
090120027180A	1369
0901200272028	4151
0901200272032	4369
090120027230A	1924
0901200272422	3200
0901201351227	4058
0901300010014	6567
0901300010029	2146
0901300010033	2991
0901300010052	202
0901300010067	8457
0901300010086	2233
0901300010090	7010
0901300010122	3234
0901300010137	3296
0901300010160	4044
0901300010175	566
090130001018A	1228
0901300010194	766
0901300010207	2878
0901300010211	4509
0901300010226	1917
0901300010230	2926
0901300010245	2286
090130001025A	3457
0901300010279	4570
0901300010283	5623
0901300010298	10318
0901300010300	880
0901300010315	2045
090130001032A	13
0901300010334	6075
0901300010353	5085
0901300010368	11731
0901300010372	5104
0901300010387	6531
0901300010391	2513
0901300010404	2374
0901300010419	4481
0901300010423	939
0901300010438	1537
0901300010442	4369
0901300010461	6559
0901300010480	6753
0901300010495	536
0901300010508	6807
0901300010527	6453
0901300010550	3162
0901300010565	2947
090130001057A	269
0901300010599	5132
0901300010601	5831
090130001064A	3126
0901300010654	3725
0901300010669	3864
0901300010688	4942
0901300010692	11447
0901300010705	913
090130001071A	691
0901300010724	934
0901300010739	2840
0901300010743	6722
0901300010758	4419
0901300010762	1530
0901300010777	2101
0901300010809	877
0901300010813	4180
0901300010828	3434
0901300010832	754
0901300010847	1243
0901300010851	2606
0901300010866	2156
0901300010870	2133
0901300010885	1161
090130001089A	867
0901300010917	1860
0901300011027	5389
0901300011031	8257
0901300011046	2097
0901300011050	4156
0901300011065	4032
090130001107A	3253
0901300011084	2950
0901300011099	2830
0901300011101	4781
0901300011116	2848
0901300011120	2499
0901300011135	4026
090130001114A	6318
0901300011154	7460
0901300011169	11635
0901300011173	5729
0901300011188	6177
0901300011192	9781
0901300011205	698
090130001121A	7212
0901300011224	6729
0901300011239	4240
0901300011243	46
0901300011262	2986
0901300011277	55
0901300011296	2160
0901300011309	1210
0901300011313	4863
0901300011328	8341
0901300011332	5578
0901300011347	1530
0901300011366	5812
0901300011370	4391
0901300011385	2068
090130001139A	1719
0901300011402	3227
0901300011417	2212
0901300011421	1247
0901300011436	2325
0901300011440	4557
0901300011455	2154
090130001146A	2687
0901300011474	1442
0901300011489	648
0901300011493	1896
0901300011506	840
0901300011510	424
0901300011525	1151
0901300011544	107
0901300011559	2475
0901300011563	323
0901300011578	35
0901400010011	3973
0901400010026	4161
0901400010030	5366
0901400010045	3480
090140001005A	5914
0901400010064	4064
0901400010079	6309
0901400010083	4930
0901400010098	6213
0901400010100	1983
0901400010115	5163
090140001012A	5644
0901400010134	5075
0901400010149	3398
0901400010153	2901
0901400010168	1670
0901400010172	1828
0901400010187	6913
0901400010191	4213
0901400010204	6314
0901400010219	4029
0901400010223	1127
0901400010238	6776
0901400010242	4514
0901400010257	7766
0901400010261	8246
0901400010276	4686
0901400010280	2417
0901400010295	2208
0901400010308	3867
0901400010312	2167
0901400010327	1777
0901400010331	2619
0901400010346	5180
0901400010350	3701
0901400010365	1729
090140001037A	2546
0901400010384	4103
0901400010399	4090
0901400010401	5533
0901400010416	3011
0901400010420	5609
0901400010435	5570
090140001044A	4368
0901400010454	1940
0901400010469	7095
0901400010473	1915
0901400010488	10448
0901400010492	3322
0901400010505	3014
090140001051A	2793
0901400010524	2763
0901400010539	2679
0901400010543	5681
0901400010558	2425
0901400010562	3819
0901400010577	6059
0901400010581	521
0901400010596	3156
0901400010609	4320
0901400010613	5414
0901400010628	5347
0901400010632	6933
0901400010647	5658
0901400010651	6444
0901400010666	3479
0901400010670	6796
0901400010685	4576
090140001069A	1735
0901400010702	4122
0901400010717	1190
0901400010721	4471
0901400010736	5045
0901400010740	3523
0901400010755	5093
090140001076A	4076
0901400010774	7049
0901400010789	2843
0901400010793	4670
0901400010806	5486
0901400010810	6987
0901400010825	284
090140001083A	3012
0901400010844	5577
0901400010859	5794
0901400010863	7925
0901400010878	5681
0901400010882	3795
0901400010897	1771
090140001090A	2649
0901400010914	2250
0901400010929	3731
0901400010933	3060
0901400010948	3045
0901400010952	3854
0901400010967	705
0901400010971	3943
0901400010986	5256
0901400010990	5697
0901400011005	7611
090140001101A	4333
0901400011024	4142
0901500010019	4263
0901500010023	4902
0901500010038	2800
0901500010042	2930
0901500010057	24
0901500010061	1327
0901500010076	6626
0901500010080	7933
0901500010095	3670
0901500010108	3456
0901500010112	2227
0901500010127	8402
0901500010131	2585
0901500010146	1384
0901500010150	1556
0901500010165	5259
090150001017A	5239
0901500010184	6961
0901500010199	490
0901500010201	1612
0901500010216	1285
0901500010220	832
0901500010235	1280
090150001024A	1076
0901500010254	230
0901500010269	1259
0901500010273	594
0901500010288	235
0901500010292	1418
0901500010305	1377
090150001031A	1351
0901500010324	695
0901500010339	4888
0901500010343	10857
0901500010358	9880
0901500010362	3396
0901500010377	1050
0901500010381	1189
0901500010396	448
0901500010409	1281
0901500010413	218
0901500010428	1578
0901500010432	139
0901500010447	1394
0901500010451	587
0901500010466	11023
0901500010470	6778
0901500010485	9893
090150001049A	1836
0901500010502	8991
0901500010517	8412
0901500010521	8735
0901500010536	5292
0901500010540	6835
0901500010555	4962
090150001056A	7081
0901500010574	10841
0901500010589	5616
0901500010593	4685
0901500010606	5014
0901500010610	10667
0901500010625	1497
090150001063A	4292
0901500010644	8279
0901500010659	4180
0901500010663	1838
0901500010678	9903
0901500010682	5682
0901500010697	6982
090150001070A	1542
0901500010714	2769
0901500010729	359
0901500010733	369
0901500010748	4753
0901500010752	1708
0901500010767	260
0901500010771	947
0901500010786	2006
0901500010790	2984
0901500010803	974
0901500010818	172
0901500010822	4209
0901500010837	732
0901500010841	1803
0901500010856	2963
0901500010860	1788
0901500010875	7970
090150001088A	2011
0901500010894	2048
0901500010907	2642
0901500010911	4562
0901500010926	3007
0901500010930	626
0901500010945	1082
090150001095A	738
0901500010964	3794
0901500010979	2385
0901500010983	982
0901500010998	2370
0901500011002	2701
0901500011017	4538
0901500011036	6722
0901500011040	5119
0901500011055	2373
090150001106A	6265
0901500011074	7648
0901500011089	2004
0901500011093	901
0901500011106	1552
0901500011110	6307
0901500011125	8637
090150001113A	9074
0901500011144	7972
0901500011159	4258
0901500011163	2805
0901500011178	3010
0901500011182	3062
0901500011197	1206
090150001120A	1876
0901500011214	2761
0901500011229	840
0901500011233	9393
0901500011248	6418
0901500011252	5261
0901500011267	3280
0901500011271	1636
0901500011286	1346
0901500011290	4939
0901500011303	2006
0901500011318	2378
0901500011322	1252
0901500011337	1967
0901500011341	3497
0901500011356	3309
0901500011360	1780
0901500011375	3238
090150001138A	584
0901500011394	5232
0901500011407	2280
0901500011411	2636
0901500011426	1401
0901500011430	1325
0901500011445	1674
090150001145A	3506
0901500011464	3031
0901500011479	3131
0901500011483	7382
0901500011498	6019
0901500011500	3145
0901500011515	3624
090150001152A	3565
0901500011534	3133
0901500011549	4833
0901600010016	7
0901600010020	2880
0901600010035	2
090160001004A	7185
0901600010054	4315
0901600010069	4680
0901600010073	1201
0901600010088	89
0901600010092	8058
0901600010105	5129
090160001011A	5077
0901600010124	4285
0901600010139	5001
0901600010143	6897
0901600010158	4030
0901600010162	4905
0901600010177	7071
0901600010181	9026
0901600010196	0
0901600010209	1289
0901600010213	7545
0901600010228	2
0901600010232	28
0901600010247	10020
0901600010251	8170
0901600010270	7375
0901600010285	7645
090160001029A	9287
0901600010302	0
0901600010317	1962
0901600010321	2123
0901600010336	1100
0901600010340	1041
090160001036A	3263
0901600010374	5805
0901600010389	4656
0901600010393	10717
0901600010410	1560
0901600010425	2723
090160001043A	1613
0901600010444	18174
0901600010459	3824
0901600010463	4077
0901600010478	6255
0901600010482	9902
0901600010497	8511
090160001050A	4753
0901600010514	303
0901600010529	0
0901600010533	7
0901600010548	2003
0901600010552	1276
0901600010571	3127
0901600010586	43
0901600010590	782
0901600010603	2645
0901600010618	591
0901600010622	4721
0901600010637	3488
0901600010641	2207
0901600010656	3967
0901600010660	4042
0901600010675	2612
090160001068A	2198
0901600010694	906
0901600010707	1745
0901600010711	2471
0901600010730	4046
0901600010745	2741
090160001075A	665
0901600010764	349
0901600010779	1328
0901600010783	3448
0901600010798	309
0901600010800	1473
0901600010815	2767
090160001082A	2213
0901600010834	555
0901600010849	831
0901600010853	2446
0901600010868	1152
0901600010872	1363
0901600010887	185
0901600010891	2076
0901600010904	1535
0901600010919	722
0901600010923	1521
0901600010942	862
0901600010957	83
0901600010961	877
0901600010976	78
0901600010980	805
0901600010995	1836
090160001100A	13
0901600011014	265
0901600011029	2458
0901600011033	1059
0901600011048	1082
0901600011052	848
0901600011067	639
0901600011071	2
0901600011086	0
0901600011090	4044
0901600011103	3137
0901600011118	6098
0901600011122	2020
0901600011137	3762
0901600011141	3492
0901600011156	8675
0901600011160	7005
0901600011175	1823
090160001118A	7942
0901600011194	1448
0901600011207	8322
0901600011211	5224
0901600011226	5300
0901600011230	682
0901600011245	0
090160001125A	1264
0901600011264	1029
0901600011279	1997
0901600011283	1905
0901600011298	1559
0901600011300	6096
0901600011315	1526
090160001132A	2889
0901600011334	3168
0901600011349	15549
0901600011353	1597
0901600011368	1893
0901700010013	5152
0901700010028	4855
0901700010032	10277
0901700010047	3850
0901700010051	3587
0901700010066	2976
0901700010070	3664
0901700010085	2912
090170001009A	4499
0901700010102	2899
0901700010117	3305
0901700010121	5176
0901700010136	0
0901700010140	0
0901700010155	2974
090170001016A	1827
0901700010174	2235
0901700010189	1652
0901700010193	1487
0901700010206	2629
0901700010210	13581
0901700010225	7677
090170001023A	1910
0901700010244	2421
0901700010259	1596
0901700010263	1799
0901700010278	2185
0901700010282	3381
0901700010297	3631
090170001030A	3513
0901700010314	3467
0901700010329	3668
0901700010333	3022
0901700010348	2881
0901700010352	3400
0901700010367	5702
0901700010371	7102
0901700010386	1928
0901700010390	6818
0901700010403	2343
0901700010418	2531
0901700010422	6439
0901700010437	3905
0901700010441	5328
0901700010456	2635
0901700010460	4897
0901700010475	1419
090170001048A	4890
0901700010494	4947
0901700010507	2189
0901700010511	20
0901700010526	4882
0901700010530	1856
0901700010545	3543
090170001055A	5390
0901700010564	3597
0901700010579	2007
0901700010583	3123
0901700010598	4
0901700010600	1428
0901700010615	1474
090170001062A	2021
0901700010634	3946
0901700010649	5209
0901700010653	4238
0901700010668	3103
0901700010672	3902
0901700010687	368
0901700010691	1989
0901700010704	40
0901700010719	2109
0901700010723	815
0901700010738	961
0901700010742	1718
0901700010757	643
0901700010761	1213
0901700010776	2153
0901700010780	4389
0901700010795	201
0901700010808	3529
0901700010812	3791
0901700010827	4011
0901700010831	5009
0901700010846	3052
0901700010865	4462
090170001087A	4441
0901700010884	8393
0901700010899	3055
0901700010901	1384
0901700010916	1426
0901700010920	170
0901700010935	3159
090170001094A	1135
0901700010954	860
0901700010969	486
0901700010973	996
0901700010988	1288
0901700010992	965
0901700011007	2306
0901700011011	3456
0901700011026	2822
0901700011030	3171
0901700011045	4132
090170001105A	4115
0901700011064	1702
0901700011079	2580
0901700011083	1213
0901700011098	807
0901700011100	1312
0901700011115	1753
090170001112A	366
0901700011134	1331
0901700011149	1182
0901700011153	885
0901700011168	2078
0901700011172	2458
0901700011187	2452
0901700011191	2663
0901700011204	3016
0901700011219	2419
0901700011223	3613
0901700011238	3484
0901700011242	4012
0901700011257	2583
0901700011261	3703
0901700011276	2438
0901700011280	3707
0901700011295	4277
0901700011308	2791
0901700011312	10188
0901700011327	2763
0901700011331	3109
0901700011346	1274
0901700011350	1222
0901700011365	1058
090170001137A	1940
0901700011384	1299
0901700011399	4440
0901700011401	4497
0901700011416	6791
0901700011420	547
0901700011435	0
090170001144A	5519
0901700011454	1543
0901700011469	1356
0901700011473	1181
0901700011488	1079
0901700011492	900
0901700011505	2513
090170001151A	2248
0901700011524	4295
